98
0 475 144 318 299 456 296 366 84 126 352 38 452 276 320 335 9 38 477 428 128 422 337 499 218 318 308 65 415 44 311 270 370 481 179 162 388 457 307 411 303 126 126 207 207 371 311 122 213 100 215 491 137 298 253 212 280 155 451 21 174 52 455 87 192 321 346 406 497 484 423 113 296 222 433 310 450 80 30 160 323 150 151 257 314 96 406 491 211 299 73 156 483 434 108 18 42 189
475 0 133 280 229 144 95 110 355 134 215 416 346 3 63 306 144 321 425 182 122 373 298 459 412 411 347 69 499 160 197 470 346 336 256 162 440 338 354 485 297 419 396 151 193 178 423 83 93 388 140 61 282 329 365 499 421 228 332 287 235 131 76 146 428 352 325 31 174 248 120 82 102 497 187 224 59 196 173 91 21 386 245 453 93 489 494 322 310 237 471 285 151 27 44 386 290 67
144 133 0 248 296 425 35 234 374 482 445 392 245 470 321 394 427 453 2 121 499 46 291 411 498 327 65 149 230 492 476 396 248 387 25 479 180 28 280 365 222 348 335 353 331 362 53 204 87 294 472 112 138 11 497 225 368 117 447 348 107 492 216 373 370 234 57 330 5 72 213 209 232 271 289 450 289 434 11 308 500 85 409 58 318 41 486 194 92 354 227 369 454 119 352 159 28 422
318 280 248 0 434 405 437 442 249 472 433 235 321 373 60 64 133 375 401 277 336 100 431 429 101 201 266 76 337 205 115 244 324 363 261 33 384 345 263 237 377 427 137 292 206 427 479 39 89 255 236 440 364 192 210 399 84 21 416 306 500 296 424 292 125 79 14 304 15 112 12 233 209 203 284 495 352 473 29 392 479 186 490 233 209 287 488 375 442 280 130 338 350 183 382 155 107 99
299 229 296 434 0 133 107 381 205 372 437 124 322 281 457 110 449 180 285 173 411 486 191 319 353 162 122 339 182 121 33 293 325 241 459 163 484 59 27 465 202 388 187 71 121 446 60 250 297 460 124 358 194 488 356 337 126 31 448 25 495 174 155 291 229 322 189 77 213 122 73 332 137 51 209 21 33 481 54 465 24 163 274 130 407 297 8 398 286 460 155 331 253 176 317 208 453 226
456 144 425 405 133 0 486 15 237 415 446 144 386 476 35 96 470 299 30 29 355 367 500 426 306 436 331 67 47 399 49 446 462 270 380 50 243 249 285 84 274 455 351 378 418 360 124 143 392 403 55 349 278 455 12 486 332 254 182 381 255 165 394 74 216 12 416 254 119 394 135 276 18 387 60 463 271 463 91 57 318 471 71 315 66 355 410 434 241 353 243 118 454 488 4 279 434 381
296 95 35 437 107 486 0 391 121 398 476 86 36 221 466 246 150 351 333 205 222 187 307 84 11 119 79 275 79 411 135 396 237 337 166 463 161 222 181 179 255 446 129 183 76 83 381 458 133 117 87 313 330 132 144 365 367 25 362 126 107 21 308 436 88 338 192 443 169 428 27 167 329 362 266 172 203 59 460 454 374 237 117 82 433 73 370 144 243 138 243 432 88 255 95 243 11 204
366 110 234 442 381 15 391 0 180 406 473 236 16 219 402 290 140 473 208 40 206 397 126 434 296 156 278 457 480 453 488 388 128 91 30 327 334 420 389 463 1 421 317 266 345 80 500 254 86 50 82 237 217 247 194 258 495 35 377 245 32 136 293 427 480 32 430 157 211 11 57 164 238 25 114 201 458 384 149 193 391 362 184 450 171 19 121 169 201 256 275 60 353 19 159 301 409 214
84 355 374 249 205 237 121 180 0 301 138 150 421 171 366 257 357 101 469 440 471 281 376 111 60 192 342 223 32 98 167 55 8 83 402 72 448 159 156 256 137 32 21 233 304 92 282 108 273 126 123 19 360 495 393 309 77 102 174 333 7 318 272 446 154 387 15 343 79 256 109 268 162 240 152 305 369 135 113 398 199 133 112 335 469 480 13 199 245 156 492 41 86 301 349 477 123 6
126 134 482 472 372 415 398 406 301 0 156 424 475 290 273 482 45 46 333 352 22 328 420 440 322 107 432 388 427 230 170 464 143 240 181 348 316 407 380 122 393 155 6 224 333 368 213 262 487 88 186 384 445 185 399 432 275 450 145 18 433 18 351 470 352 270 128 255 246 437 325 317 456 451 187 444 288 225 315 365 198 243 325 483 6 387 476 144 232 272 93 110 117 360 187 216 479 252
352 215 445 433 437 446 476 473 138 156 0 228 228 459 304 238 75 236 457 252 161 385 130 320 495 70 330 250 470 101 425 319 369 39 461 255 472 377 431 231 394 275 103 175 147 345 80 393 78 41 473 361 455 241 81 276 426 463 458 397 72 282 95 323 385 357 13 363 298 91 301 131 436 135 493 11 480 408 126 115 49 48 490 176 54 487 167 288 466 241 92 364 458 334 499 411 149 408
38 416 392 235 124 144 86 236 150 424 228 0 465 63 416 314 308 328 165 237 361 76 365 383 60 10 329 371 342 371 181 10 276 171 141 341 200 388 290 306 357 417 40 10 449 77 455 479 487 444 276 15 155 243 475 72 57 36 215 4 233 450 393 411 129 196 372 448 216 14 17 206 115 80 377 128 381 134 408 352 367 88 357 290 412 348 44 297 390 291 99 196 91 362 232 175 218 91
452 346 245 321 322 386 36 16 421 475 228 465 0 496 298 253 355 261 69 321 482 138 316 471 310 96 142 60 153 73 424 368 207 448 475 370 302 339 112 274 0 89 408 490 78 294 212 257 356 234 251 431 353 128 220 369 346 326 138 285 84 386 161 392 70 371 140 111 424 434 293 298 12 337 310 417 107 294 487 391 209 334 386 373 106 264 352 203 4 165 450 287 135 145 285 136 334 337
276 3 470 373 281 476 221 219 171 290 459 63 496 0 482 124 67 287 243 357 406 7 477 272 81 211 237 196 412 410 480 411 470 14 413 388 147 175 470 43 268 135 262 458 181 379 96 63 278 341 26 421 348 479 446 138 407 35 166 5 164 424 399 76 453 43 363 465 160 134 361 240 376 28 45 433 202 247 174 285 186 39 60 269 316 334 211 500 237 474 101 11 476 312 310 324 183 482
320 63 321 60 457 35 466 402 366 273 304 416 298 482 0 175 160 479 405 488 237 339 97 43 470 80 372 163 249 405 93 39 407 163 18 482 78 465 220 304 378 271 114 397 390 237 149 233 333 259 153 132 26 11 27 28 458 32 324 414 419 213 115 221 165 169 174 192 260 162 376 443 232 193 80 254 7 133 378 411 138 240 361 316 373 96 371 234 415 351 387 69 317 239 190 166 369 82
335 306 394 64 110 96 246 290 257 482 238 314 253 124 175 0 149 280 377 383 407 221 194 406 406 71 98 334 312 418 337 467 254 404 310 414 76 201 166 199 113 415 17 472 82 451 94 165 40 394 287 340 429 317 333 181 295 284 342 213 62 418 126 499 335 336 456 325 68 188 56 494 182 202 495 328 199 340 134 329 207 212 296 66 243 38 70 283 386 404 331 479 22 366 135 301 120 194
9 144 427 133 449 470 150 140 357 45 75 308 355 67 160 149 0 437 344 386 245 174 130 151 398 375 282 482 198 233 221 349 244 57 454 440 242 155 486 100 289 334 157 158 264 332 244 308 172 110 450 292 26 1 337 125 375 357 53 236 139 87 493 45 12 434 202 152 267 264 59 355 333 180 230 462 380 262 211 113 207 474 456 171 295 379 42 392 323 316 261 218 152 29 242 455 19 26
38 321 453 375 180 299 351 473 101 46 236 328 261 287 479 280 437 0 126 467 333 471 204 269 442 237 342 244 174 239 135 64 94 195 436 173 19 445 463 283 420 98 154 27 484 180 125 297 349 0 398 426 4 181 92 197 425 150 36 269 427 478 371 126 302 248 196 75 418 112 95 295 18 81 417 481 160 324 352 133 329 221 257 385 27 356 244 113 486 285 216 237 20 479 422 229 383 397
477 425 2 401 285 30 333 208 469 333 457 165 69 243 405 377 344 126 0 26 381 352 316 132 452 245 200 316 335 117 166 67 413 298 231 99 153 184 290 208 106 69 41 163 240 253 367 202 458 102 314 349 133 427 320 279 99 48 344 371 478 84 241 376 73 277 403 436 318 490 264 340 382 191 457 316 500 253 273 343 492 306 217 366 307 218 266 148 9 282 328 187 476 201 33 494 248 54
428 182 121 277 173 29 205 40 440 352 252 237 321 357 488 383 386 467 26 0 164 258 482 433 186 46 75 148 81 388 2 257 254 135 492 55 407 458 155 148 421 295 491 34 340 100 149 411 278 17 493 395 235 348 30 270 380 345 85 232 228 434 493 171 128 378 33 456 243 63 382 484 493 241 55 416 139 182 98 320 428 397 357 100 458 284 147 295 390 95 294 415 274 77 219 116 372 28
128 122 499 336 411 355 222 206 471 22 161 361 482 406 237 407 245 333 381 164 0 365 359 217 186 99 359 74 84 369 32 357 338 54 224 268 281 256 466 272 229 363 493 172 241 3 35 422 150 215 94 460 0 45 9 43 53 274 237 93 428 394 447 422 103 389 7 347 275 485 456 452 0 285 184 210 200 87 341 493 32 85 337 179 344 415 7 110 66 221 366 236 355 489 314 239 257 0
422 373 46 100 486 367 187 397 281 328 385 76 138 7 339 221 174 471 352 258 365 0 396 320 389 478 108 130 106 95 132 278 464 241 4 365 304 219 273 43 413 384 405 473 243 171 129 403 482 340 372 221 297 323 286 450 113 244 99 340 80 28 295 87 355 318 420 313 21 231 174 44 493 192 496 44 415 73 24 67 60 334 248 364 396 470 403 160 183 305 441 497 62 226 264 197 422 132
337 298 291 431 191 500 307 126 376 420 130 365 316 477 97 194 130 204 316 482 359 396 0 303 278 92 294 443 81 144 316 236 92 239 472 296 494 407 182 463 93 26 286 4 57 425 5 325 223 357 494 250 183 125 168 420 287 85 158 323 144 185 117 197 62 316 211 438 307 383 434 461 8 177 46 415 37 231 224 302 407 45 190 297 231 12 104 202 500 137 71 461 318 267 261 119 158 80
499 459 411 429 319 426 84 434 111 440 320 383 471 272 43 406 151 269 132 433 217 320 303 0 301 142 306 287 312 205 461 304 159 106 358 278 446 267 197 46 79 147 301 25 3 415 423 311 140 374 222 154 84 288 454 4 359 271 202 91 109 212 380 153 131 202 464 144 115 319 46 242 254 448 110 231 172 394 379 279 63 387 236 282 105 425 405 219 253 379 39 191 435 480 410 449 224 30
218 412 498 101 353 306 11 296 60 322 495 60 310 81 470 406 398 442 452 186 186 389 278 301 0 336 277 133 190 81 289 386 133 468 155 67 343 117 128 7 492 320 230 46 454 135 105 62 275 299 141 481 475 367 358 110 324 285 186 84 202 43 18 406 31 142 94 99 107 40 173 288 352 490 316 18 475 103 245 128 171 392 322 9 291 23 166 68 134 131 199 441 410 202 274 489 325 338
318 411 327 201 162 436 119 156 192 107 70 10 96 211 80 71 375 237 245 46 99 478 92 142 336 0 77 108 432 19 364 416 35 186 217 372 332 30 378 209 438 268 498 358 339 402 441 67 47 271 256 474 188 189 374 28 52 215 194 398 434 200 94 489 153 202 116 197 336 8 416 17 21 202 131 373 101 131 449 275 491 288 477 424 116 497 197 109 428 494 348 90 393 338 185 322 119 254
308 347 65 266 122 331 79 278 342 432 330 329 142 237 372 98 282 342 200 75 359 108 294 306 277 77 0 58 341 283 116 62 223 468 238 354 84 485 57 125 381 367 132 316 66 396 209 237 131 17 401 379 5 43 396 427 203 158 39 476 199 482 418 403 39 307 84 420 52 11 381 378 291 166 253 496 299 225 306 12 134 437 350 283 471 274 264 251 159 41 195 126 186 301 274 192 63 345
65 69 149 76 339 67 275 457 223 388 250 371 60 196 163 334 482 244 316 148 74 130 443 287 133 108 58 0 433 105 110 407 272 216 221 165 259 109 316 183 374 347 262 257 95 311 350 33 159 19 395 223 426 164 487 35 418 233 20 292 110 314 482 362 282 68 497 489 445 49 83 260 498 113 26 118 2 118 406 249 335 430 363 407 121 27 170 117 225 478 469 276 426 244 280 301 344 322
415 499 230 337 182 47 79 480 32 427 470 342 153 412 249 312 198 174 335 81 84 106 81 312 190 432 341 433 0 381 149 474 354 269 137 349 132 354 348 436 91 362 351 399 213 138 449 273 440 319 500 229 447 24 161 223 111 256 342 300 278 130 149 131 427 460 404 37 209 303 159 172 500 101 435 276 388 128 89 326 353 308 416 308 302 283 287 246 357 485 40 357 229 79 296 481 144 97
44 160 492 205 121 399 411 453 98 230 101 371 73 410 405 418 233 239 117 388 369 95 144 205 81 19 283 105 381 0 394 421 102 279 484 424 207 292 190 473 483 363 405 182 223 274 60 178 197 462 156 376 374 269 262 437 333 454 418 496 307 283 98 276 364 229 2 479 196 94 247 315 260 350 392 410 230 63 406 299 500 323 354 97 253 453 466 303 386 219 120 312 422 139 280 338 31 384
311 197 476 115 33 49 135 488 167 170 425 181 424 480 93 337 221 135 166 2 32 132 316 461 289 364 116 110 149 394 0 375 359 261 386 379 438 418 468 16 94 383 139 53 182 176 165 490 288 215 312 472 322 315 72 246 57 250 230 156 155 362 484 488 27 121 429 303 370 259 86 381 292 62 434 433 373 248 388 85 292 186 51 480 461 388 171 254 73 273 357 10 55 50 157 466 464 166
270 470 396 244 293 446 396 388 55 464 319 10 368 411 39 467 349 64 67 257 357 278 236 304 386 416 62 407 474 421 375 0 49 14 380 384 293 354 495 86 195 476 279 77 169 339 206 113 5 184 430 153 466 238 95 437 17 33 405 426 67 23 83 309 289 332 354 18 280 106 279 167 488 38 305 252 316 495 449 222 470 320 255 492 185 224 409 235 123 60 238 389 242 481 141 224 352 179
370 346 248 324 325 462 237 128 8 143 369 276 207 470 407 254 244 94 413 254 338 464 92 159 133 35 223 272 354 102 359 49 0 24 270 153 373 100 186 124 266 488 319 29 485 42 437 481 466 442 387 342 250 38 364 202 222 412 298 58 384 380 107 273 386 393 273 373 91 394 331 32 65 54 164 81 312 51 283 23 64 61 95 91 319 460 346 187 327 182 325 166 136 126 45 415 349 80
481 336 387 363 241 270 337 91 83 240 39 171 448 14 163 404 57 195 298 135 54 241 239 106 468 186 468 216 269 279 261 14 24 0 147 258 76 344 316 419 254 245 79 197 441 219 483 469 388 244 321 195 250 54 360 17 21 384 207 70 188 362 86 289 438 21 51 487 95 75 476 96 215 264 0 274 217 50 223 416 244 434 7 202 271 165 297 476 359 135 460 33 193 283 293 160 278 9
179 256 25 261 459 380 166 30 402 181 461 141 475 413 18 310 454 436 231 492 224 4 472 358 155 217 238 221 137 484 386 380 270 147 0 223 457 271 67 482 198 392 190 32 363 423 294 32 54 442 282 399 193 344 93 221 375 441 210 476 1 88 84 381 359 250 155 50 308 419 84 97 72 301 241 53 245 475 16 247 491 154 109 460 457 31 374 168 184 183 297 378 177 270 337 386 187 173
162 162 479 33 163 50 463 327 72 348 255 341 370 388 482 414 440 173 99 55 268 365 296 278 67 372 354 165 349 424 379 384 153 258 223 0 355 153 311 96 99 331 140 20 454 273 156 491 25 453 496 312 482 266 485 70 468 77 155 352 359 100 57 277 280 105 119 58 477 216 91 229 343 295 189 389 450 296 220 1 363 203 154 82 77 211 497 490 345 451 236 478 491 406 26 443 361 184
388 440 180 384 484 243 161 334 448 316 472 200 302 147 78 76 242 19 153 407 281 304 494 446 343 332 84 259 132 207 438 293 373 76 457 355 0 167 188 314 324 319 405 11 31 427 47 214 444 500 451 472 404 116 255 464 21 472 341 392 25 158 490 164 232 362 115 410 372 349 123 449 248 92 432 130 460 225 466 154 226 483 366 3 441 38 66 276 142 331 315 489 164 84 193 159 265 361
457 338 28 345 59 249 222 420 159 407 377 388 339 175 465 201 155 445 184 458 256 219 407 267 117 30 485 109 354 292 418 354 100 344 271 153 167 0 439 469 246 357 287 300 365 121 476 492 328 335 294 43 11 103 20 476 227 337 336 188 36 75 166 331 213 105 82 467 341 37 437 289 43 465 204 400 21 275 437 169 227 314 461 460 342 486 399 137 48 111 70 319 456 354 360 190 214 140
307 354 280 263 27 285 181 389 156 380 431 290 112 470 220 166 486 463 290 155 466 273 182 197 128 378 57 316 348 190 468 495 186 316 67 311 188 439 0 251 347 322 379 76 133 147 197 241 137 88 152 41 209 379 350 25 464 403 44 94 310 464 182 244 455 248 303 52 75 352 61 3 378 187 393 451 349 1 435 19 195 462 37 370 438 438 78 368 398 412 218 353 178 470 149 40 484 238
411 485 365 237 465 84 179 463 256 122 231 306 274 43 304 199 100 283 208 148 272 43 463 46 7 209 125 183 436 473 16 86 124 419 482 96 314 469 251 0 131 106 450 353 461 462 119 134 29 292 212 348 119 109 138 417 155 60 285 140 123 28 57 401 218 150 60 249 347 410 212 39 234 20 382 293 260 325 113 64 294 268 157 476 360 437 82 319 167 113 240 253 290 474 376 63 97 289
303 297 222 377 202 274 255 1 137 393 394 357 0 268 378 113 289 420 106 421 229 413 93 79 492 438 381 374 91 483 94 195 266 254 198 99 324 246 347 131 0 413 109 425 248 368 499 272 64 317 437 323 481 350 136 296 114 174 6 351 254 497 267 65 213 269 29 336 289 244 13 198 103 101 82 375 183 442 42 289 117 493 27 231 256 43 460 221 1 306 379 43 488 398 22 460 90 3
126 419 348 427 388 455 446 421 32 155 275 417 89 135 271 415 334 98 69 295 363 384 26 147 320 268 367 347 362 363 383 476 488 245 392 331 319 357 322 106 413 0 157 418 20 416 489 169 427 475 77 331 398 330 177 493 222 470 83 386 338 176 265 361 80 483 368 101 73 322 274 465 324 196 362 212 469 287 123 26 432 97 52 330 216 144 391 231 101 195 340 68 427 9 18 25 316 219
126 396 335 137 187 351 129 317 21 6 103 40 408 262 114 17 157 154 41 491 493 405 286 301 230 498 132 262 351 405 139 279 319 79 190 140 405 287 379 450 109 157 0 388 245 433 273 396 40 371 138 392 295 482 483 28 424 224 368 122 456 316 126 318 149 388 418 276 241 348 209 468 342 426 11 199 11 351 327 103 203 264 200 330 235 455 119 374 28 116 73 38 70 256 114 165 35 266
207 151 353 292 71 378 183 266 233 224 175 10 490 458 397 472 158 27 163 34 172 473 4 25 46 358 316 257 399 182 53 77 29 197 32 20 11 300 76 353 425 418 388 0 386 10 198 85 330 179 300 368 135 45 378 482 326 175 18 171 225 494 419 204 426 383 158 395 203 391 349 308 432 157 331 444 80 351 477 56 493 281 383 498 495 286 199 388 186 427 453 330 220 201 134 489 30 455
207 193 331 206 121 418 76 345 304 333 147 449 78 181 390 82 264 484 240 340 241 243 57 3 454 339 66 95 213 223 182 169 485 441 363 454 31 365 133 461 248 20 245 386 0 58 236 89 10 179 466 55 103 336 271 186 35 215 17 245 343 4 289 309 78 69 107 142 476 121 45 412 223 363 479 259 279 124 193 297 2 295 196 184 128 498 402 49 394 134 3 302 226 468 28 117 1 356
371 178 362 427 446 360 83 80 92 368 345 77 294 379 237 451 332 180 253 100 3 171 425 415 135 402 396 311 138 274 176 339 42 219 423 273 427 121 147 462 368 416 433 10 58 0 358 56 76 198 475 362 372 4 493 11 358 467 448 197 341 8 248 453 374 127 261 48 85 93 428 163 214 455 439 268 303 134 215 237 21 466 389 320 378 453 117 411 186 42 374 499 317 228 261 267 63 217
311 423 53 479 60 124 381 500 282 213 80 455 212 96 149 94 244 125 367 149 35 129 5 423 105 441 209 350 449 60 165 206 437 483 294 156 47 476 197 119 499 489 273 198 236 358 0 253 60 420 422 481 366 313 429 129 282 4 499 220 423 386 135 4 174 464 132 27 346 307 236 206 156 171 312 359 205 55 69 381 20 3 92 115 16 361 44 161 347 307 285 458 36 249 20 245 91 157
122 83 204 39 250 143 458 254 108 262 393 479 257 63 233 165 308 297 202 411 422 403 325 311 62 67 237 33 273 178 490 113 481 469 32 491 214 492 241 134 272 169 396 85 89 56 253 0 63 317 99 293 204 107 291 264 153 407 204 389 129 422 431 242 205 362 292 265 184 248 91 257 126 291 446 76 292 427 252 104 129 232 475 262 51 439 412 78 460 327 308 42 4 317 157 265 177 136
213 93 87 89 297 392 133 86 273 487 78 487 356 278 333 40 172 349 458 278 150 482 223 140 275 47 131 159 440 197 288 5 466 388 54 25 444 328 137 29 64 427 40 330 10 76 60 63 0 56 430 396 416 164 13 56 395 58 343 275 86 113 349 275 460 233 405 351 313 225 94 322 325 493 162 259 207 41 300 72 64 170 226 246 64 385 303 433 484 241 464 124 136 390 437 368 7 299
100 388 294 255 460 403 117 50 126 88 41 444 234 341 259 394 110 0 102 17 215 340 357 374 299 271 17 19 319 462 215 184 442 244 442 453 500 335 88 292 317 475 371 179 179 198 420 317 56 0 276 171 324 366 29 382 272 120 484 237 380 253 150 212 310 496 48 95 263 310 126 480 366 325 93 45 78 160 490 128 445 117 366 354 408 265 152 129 210 449 68 106 64 410 363 216 33 363
215 140 472 236 124 55 87 82 123 186 473 276 251 26 153 287 450 398 314 493 94 372 494 222 141 256 401 395 500 156 312 430 387 321 282 496 451 294 152 212 437 77 138 300 466 475 422 99 430 276 0 424 202 452 85 104 39 266 303 316 175 293 104 369 288 341 480 89 22 69 335 70 287 42 317 252 336 0 242 22 354 218 414 238 248 344 156 481 64 329 188 411 262 48 277 183 172 383
491 61 112 440 358 349 313 237 19 384 361 15 431 421 132 340 292 426 349 395 460 221 250 154 481 474 379 223 229 376 472 153 342 195 399 312 472 43 41 348 323 331 392 368 55 362 481 293 396 171 424 0 231 337 325 319 233 376 133 88 227 115 373 83 485 39 391 278 337 420 265 138 404 65 266 87 355 172 206 253 432 94 174 331 261 411 277 404 468 133 25 161 142 292 260 2 370 43
137 282 138 364 194 278 330 217 360 445 455 155 353 348 26 429 26 4 133 235 0 297 183 84 475 188 5 426 447 374 322 466 250 250 193 482 404 11 209 119 481 398 295 135 103 372 366 204 416 324 202 231 0 208 401 74 239 198 34 425 333 45 306 418 292 439 20 156 491 49 383 469 184 459 51 485 106 479 392 325 71 217 493 375 98 58 223 449 24 299 328 17 41 113 377 345 375 452
298 329 11 192 488 455 132 247 495 185 241 243 128 479 11 317 1 181 427 348 45 323 125 288 367 189 43 164 24 269 315 238 38 54 344 266 116 103 379 109 350 330 482 45 336 4 313 107 164 366 452 337 208 0 364 72 4 140 348 271 96 217 350 494 433 347 419 40 265 154 99 158 464 98 414 379 107 148 246 255 118 499 252 92 30 255 123 457 389 471 194 404 270 340 259 431 154 493
253 365 497 210 356 12 144 194 393 399 81 475 220 446 27 333 337 92 320 30 9 286 168 454 358 374 396 487 161 262 72 95 364 360 93 485 255 20 350 138 136 177 483 378 271 493 429 291 13 29 85 325 401 364 0 361 203 406 353 296 169 60 130 63 23 203 47 207 236 28 239 107 389 120 370 305 316 318 35 9 61 73 140 320 142 400 306 282 160 336 232 465 403 116 27 240 14 126
212 499 225 399 337 486 365 258 309 432 276 72 369 138 28 181 125 197 279 270 43 450 420 4 110 28 427 35 223 437 246 437 202 17 221 70 464 476 25 417 296 493 28 482 186 11 129 264 56 382 104 319 74 72 361 0 362 306 31 189 438 394 303 442 26 121 478 68 440 87 144 218 183 223 356 403 23 223 62 278 320 418 420 195 104 349 34 378 120 260 311 90 288 291 303 282 127 32
280 421 368 84 126 332 367 495 77 275 426 57 346 407 458 295 375 425 99 380 53 113 287 359 324 52 203 418 111 333 57 17 222 21 375 468 21 227 464 155 114 222 424 326 35 358 282 153 395 272 39 233 239 4 203 362 0 78 0 263 357 388 327 254 480 410 183 125 353 469 243 109 50 327 348 75 189 328 196 309 75 382 270 321 486 331 124 298 105 74 474 371 278 447 179 457 370 0
155 228 117 21 31 254 25 35 102 450 463 36 326 35 32 284 357 150 48 345 274 244 85 271 285 215 158 233 256 454 250 33 412 384 441 77 472 337 403 60 174 470 224 175 215 467 4 407 58 120 266 376 198 140 406 306 78 0 178 423 274 36 469 242 345 240 111 340 419 415 138 207 33 208 304 10 88 290 205 65 83 53 232 347 321 71 462 329 2 263 54 382 227 451 59 103 451 332
451 332 447 416 448 182 362 377 174 145 458 215 138 166 324 342 53 36 344 85 237 99 158 202 186 194 39 20 342 418 230 405 298 207 210 155 341 336 44 285 6 83 368 18 17 448 499 204 343 484 303 133 34 348 353 31 0 178 0 213 171 345 384 226 358 347 217 339 435 115 195 33 31 38 289 321 439 266 427 321 498 39 15 499 14 355 140 383 392 351 185 100 379 88 61 361 251 43
21 287 348 306 25 381 126 245 333 18 397 4 285 5 414 213 236 269 371 232 93 340 323 91 84 398 476 292 300 496 156 426 58 70 476 352 392 188 94 140 351 386 122 171 245 197 220 389 275 237 316 88 425 271 296 189 263 423 213 0 340 483 262 33 283 86 337 62 488 190 92 367 389 183 228 107 416 266 298 22 208 261 213 106 380 124 412 194 77 100 64 421 39 268 38 308 99 162
174 235 107 500 495 255 107 32 7 433 72 233 84 164 419 62 139 427 478 228 428 80 144 109 202 434 199 110 278 307 155 67 384 188 1 359 25 36 310 123 254 338 456 225 343 341 423 129 86 380 175 227 333 96 169 438 357 274 171 340 0 261 414 407 471 452 224 99 420 319 51 165 2 129 266 58 240 165 461 254 438 189 280 267 363 445 400 273 113 50 443 111 225 434 386 373 75 190
52 131 492 296 174 165 21 136 318 18 282 450 386 424 213 418 87 478 84 434 394 28 185 212 43 200 482 314 130 283 362 23 380 362 88 100 158 75 464 28 497 176 316 494 4 8 386 422 113 253 293 115 45 217 60 394 388 36 345 483 261 0 207 381 261 10 368 311 23 349 151 367 111 2 66 409 187 32 166 281 48 30 364 311 451 242 485 492 95 32 78 297 383 314 100 347 240 420
455 76 216 424 155 394 308 293 272 351 95 393 161 399 115 126 493 371 241 493 447 295 117 380 18 94 418 482 149 98 484 83 107 86 84 57 490 166 182 57 267 265 126 419 289 248 135 431 349 150 104 373 306 350 130 303 327 469 384 262 414 207 0 270 359 399 81 415 500 165 399 424 354 177 216 166 396 83 199 454 390 474 427 467 212 202 84 366 408 310 396 100 393 153 472 465 383 1
87 146 373 292 291 74 436 427 446 470 323 411 392 76 221 499 45 126 376 171 422 87 197 153 406 489 403 362 131 276 488 309 273 289 381 277 164 331 244 401 65 361 318 204 309 453 4 242 275 212 369 83 418 494 63 442 254 242 226 33 407 381 270 0 424 123 398 249 191 77 493 207 260 361 30 272 148 33 199 272 104 422 41 49 130 446 152 231 201 401 232 376 432 311 334 91 169 127
192 428 370 125 229 216 88 480 154 352 385 129 70 453 165 335 12 302 73 128 103 355 62 131 31 153 39 282 427 364 27 289 386 438 359 280 232 213 455 218 213 80 149 426 78 374 174 205 460 310 288 485 292 433 23 26 480 345 358 283 471 261 359 424 0 409 326 453 317 58 65 214 40 410 73 370 423 238 193 496 212 87 369 362 24 458 375 466 92 340 33 104 372 420 351 284 288 35
321 352 234 79 322 12 338 32 387 270 357 196 371 43 169 336 434 248 277 378 389 318 316 202 142 202 307 68 460 229 121 332 393 21 250 105 362 105 248 150 269 483 388 383 69 127 464 362 233 496 341 39 439 347 203 121 410 240 347 86 452 10 399 123 409 0 236 45 86 47 253 424 388 437 425 350 348 318 8 492 93 487 234 140 381 437 499 151 172 442 335 459 221 452 76 98 151 407
346 325 57 14 189 416 192 430 15 128 13 372 140 363 174 456 202 196 403 33 7 420 211 464 94 116 84 497 404 2 429 354 273 51 155 119 115 82 303 60 29 368 418 158 107 261 132 292 405 48 480 391 20 419 47 478 183 111 217 337 224 368 81 398 326 236 0 150 73 434 210 270 1 3 216 221 68 181 58 485 278 132 400 49 78 325 120 293 241 124 21 114 116 424 35 445 309 350
406 31 330 304 77 254 443 157 343 255 363 448 111 465 192 325 152 75 436 456 347 313 438 144 99 197 420 489 37 479 303 18 373 487 50 58 410 467 52 249 336 101 276 395 142 48 27 265 351 95 89 278 156 40 207 68 125 340 339 62 99 311 415 249 453 45 150 0 3 289 12 359 53 282 416 141 387 130 189 221 466 347 3 117 156 425 368 426 423 432 9 239 276 441 46 86 240 87
497 174 5 15 213 119 169 211 79 246 298 216 424 160 260 68 267 418 318 243 275 21 307 115 107 336 52 445 209 196 370 280 91 95 308 477 372 341 75 347 289 73 241 203 476 85 346 184 313 263 22 337 491 265 236 440 353 419 435 488 420 23 500 191 317 86 73 3 0 320 296 58 207 45 222 78 297 359 300 189 16 3 68 191 53 279 117 469 60 383 320 476 477 46 72 411 208 381
484 248 72 112 122 394 428 11 256 437 91 14 434 134 162 188 264 112 490 63 485 231 383 319 40 8 11 49 303 94 259 106 394 75 419 216 349 37 352 410 244 322 348 391 121 93 307 248 225 310 69 420 49 154 28 87 469 415 115 190 319 349 165 77 58 47 434 289 320 0 220 337 152 249 48 109 349 48 323 361 406 36 104 216 149 396 250 190 371 281 311 119 383 462 366 96 487 68
423 120 213 12 73 135 27 57 109 325 301 17 293 361 376 56 59 95 264 382 456 174 434 46 173 416 381 83 159 247 86 279 331 476 84 91 123 437 61 212 13 274 209 349 45 428 236 91 94 126 335 265 383 99 239 144 243 138 195 92 51 151 399 493 65 253 210 12 296 220 0 407 165 153 69 95 224 352 483 472 92 170 240 83 67 442 234 343 494 359 192 250 17 461 263 15 326 106
113 82 209 233 332 276 167 164 268 317 131 206 298 240 443 494 355 295 340 484 452 44 461 242 288 17 378 260 172 315 381 167 32 96 97 229 449 289 3 39 198 465 468 308 412 163 206 257 322 480 70 138 469 158 107 218 109 207 33 367 165 367 424 207 214 424 270 359 58 337 407 0 102 277 252 150 157 423 485 353 461 26 423 405 265 238 478 152 124 295 258 310 458 180 335 253 365 399
296 102 232 209 137 18 329 238 162 456 436 115 12 376 232 182 333 18 382 493 0 493 8 254 352 21 291 498 500 260 292 488 65 215 72 343 248 43 378 234 103 324 342 432 223 214 156 126 325 366 287 404 184 464 389 183 50 33 31 389 2 111 354 260 40 388 1 53 207 152 165 102 0 435 117 174 164 50 175 180 492 109 390 107 77 76 417 281 199 232 34 125 178 159 223 123 14 211
222 497 271 203 51 387 362 25 240 451 135 80 337 28 193 202 180 81 191 241 285 192 177 448 490 202 166 113 101 350 62 38 54 264 301 295 92 465 187 20 101 196 426 157 363 455 171 291 493 325 42 65 459 98 120 223 327 208 38 183 129 2 177 361 410 437 3 282 45 249 153 277 435 0 461 291 329 167 191 434 369 344 168 282 37 126 16 133 396 457 16 317 353 342 323 274 165 80
433 187 289 284 209 60 266 114 152 187 493 377 310 45 80 495 230 417 457 55 184 496 46 110 316 131 253 26 435 392 434 305 164 0 241 189 432 204 393 382 82 362 11 331 479 439 312 446 162 93 317 266 51 414 370 356 348 304 289 228 266 66 216 30 73 425 216 416 222 48 69 252 117 461 0 68 369 236 148 168 228 200 117 321 53 296 74 382 271 304 167 260 77 258 393 86 233 310
310 224 450 495 21 463 172 201 305 444 11 128 417 433 254 328 462 481 316 416 210 44 415 231 18 373 496 118 276 410 433 252 81 274 53 389 130 400 451 293 375 212 199 444 259 268 359 76 259 45 252 87 485 379 305 403 75 10 321 107 58 409 166 272 370 350 221 141 78 109 95 150 174 291 68 0 141 145 237 308 144 382 379 19 217 6 189 231 346 370 470 51 137 302 128 62 269 274
450 59 289 352 33 271 203 458 369 288 480 381 107 202 7 199 380 160 500 139 200 415 37 172 475 101 299 2 388 230 373 316 312 217 245 450 460 21 349 260 183 469 11 80 279 303 205 292 207 78 336 355 106 107 316 23 189 88 439 416 240 187 396 148 423 348 68 387 297 349 224 157 164 329 369 141 0 72 169 141 252 124 494 142 286 337 266 404 431 124 147 409 239 274 480 402 236 434
80 196 434 473 481 463 59 384 135 225 408 134 294 247 133 340 262 324 253 182 87 73 231 394 103 131 225 118 128 63 248 495 51 50 475 296 225 275 1 325 442 287 351 351 124 134 55 427 41 160 0 172 479 148 318 223 328 290 266 266 165 32 83 33 238 318 181 130 359 48 352 423 50 167 236 145 72 0 18 64 45 168 186 222 296 249 69 489 4 68 249 195 174 230 121 124 470 23
30 173 11 29 54 91 460 149 113 315 126 408 487 174 378 134 211 352 273 98 341 24 224 379 245 449 306 406 89 406 388 449 283 223 16 220 466 437 435 113 42 123 327 477 193 215 69 252 300 490 242 206 392 246 35 62 196 205 427 298 461 166 199 199 193 8 58 189 300 323 483 485 175 191 148 237 169 18 0 481 287 203 247 401 383 23 203 85 253 403 179 341 287 78 253 205 204 351
160 91 308 392 465 57 454 193 398 365 115 352 391 285 411 329 113 133 343 320 493 67 302 279 128 275 12 249 326 299 85 222 23 416 247 1 154 169 19 64 289 26 103 56 297 237 381 104 72 128 22 253 325 255 9 278 309 65 321 22 254 281 454 272 496 492 485 221 189 361 472 353 180 434 168 308 141 64 481 0 139 216 427 321 116 281 144 170 176 477 305 143 322 247 495 86 463 137
323 21 500 479 24 318 374 391 199 198 49 367 209 186 138 207 207 329 492 428 32 60 407 63 171 491 134 335 353 500 292 470 64 244 491 363 226 227 195 294 117 432 203 493 2 21 20 129 64 445 354 432 71 118 61 320 75 83 498 208 438 48 390 104 212 93 278 466 16 406 92 461 492 369 228 144 252 45 287 139 0 442 246 482 497 387 138 244 429 111 238 420 214 115 473 478 268 420
150 386 85 186 163 471 237 362 133 243 48 88 334 39 240 212 474 221 306 397 85 334 45 387 392 288 437 430 308 323 186 320 61 434 154 203 483 314 462 268 493 97 264 281 295 466 3 232 170 117 218 94 217 499 73 418 382 53 39 261 189 30 474 422 87 487 132 347 3 36 170 26 109 344 200 382 124 168 203 216 442 0 211 183 209 311 486 320 457 379 400 388 474 371 469 164 403 492
151 245 409 490 274 71 117 184 112 325 490 357 386 60 361 296 456 257 217 357 337 248 190 236 322 477 350 363 416 354 51 255 95 7 109 154 366 461 37 157 27 52 200 383 196 389 92 475 226 366 414 174 493 252 140 420 270 232 15 213 280 364 427 41 369 234 400 3 68 104 240 423 390 168 117 379 494 186 247 427 246 211 0 95 275 66 5 202 309 11 88 276 371 424 391 281 443 330
257 453 58 233 130 315 82 450 335 483 176 290 373 269 316 66 171 385 366 100 179 364 297 282 9 424 283 407 308 97 480 492 91 202 460 82 3 460 370 476 231 330 330 498 184 320 115 262 246 354 238 331 375 92 320 195 321 347 499 106 267 311 467 49 362 140 49 117 191 216 83 405 107 282 321 19 142 222 401 321 482 183 95 0 472 285 133 177 419 212 284 176 310 182 27 133 278 180
314 93 318 209 407 66 433 171 469 6 54 412 106 316 373 243 295 27 307 458 344 396 231 105 291 116 471 121 302 253 461 185 319 271 457 77 441 342 438 360 256 216 235 495 128 378 16 51 64 408 248 261 98 30 142 104 486 321 14 380 363 451 212 130 24 381 78 156 53 149 67 265 77 37 53 217 286 296 383 116 497 209 275 472 0 179 74 491 410 269 264 370 434 291 450 402 166 455
96 489 41 287 297 355 73 19 480 387 487 348 264 334 96 38 379 356 218 284 415 470 12 425 23 497 274 27 283 453 388 224 460 165 31 211 38 486 438 437 43 144 455 286 498 453 361 439 385 265 344 411 58 255 400 349 331 71 355 124 445 242 202 446 458 437 325 425 279 396 442 238 76 126 296 6 337 249 23 281 387 311 66 285 179 0 287 185 292 411 98 121 21 363 407 267 17 78
406 494 486 488 8 410 370 121 13 476 167 44 352 211 371 70 42 244 266 147 7 403 104 405 166 197 264 170 287 466 171 409 346 297 374 497 66 399 78 82 460 391 119 199 402 117 44 412 303 152 156 277 223 123 306 34 124 462 140 412 400 485 84 152 375 499 120 368 117 250 234 478 417 16 74 189 266 69 203 144 138 486 5 133 74 287 0 29 145 202 93 191 125 30 156 222 162 69
491 322 194 375 398 434 144 169 199 144 288 297 203 500 234 283 392 113 148 295 110 160 202 219 68 109 251 117 246 303 254 235 187 476 168 490 276 137 368 319 221 231 374 388 49 411 161 78 433 129 481 404 449 457 282 378 298 329 383 194 273 492 366 231 466 151 293 426 469 190 343 152 281 133 382 231 404 489 85 170 244 320 202 177 491 185 29 0 90 248 341 281 370 234 33 469 196 7
211 310 92 442 286 241 243 201 245 232 466 390 4 237 415 386 323 486 9 390 66 183 500 253 134 428 159 225 357 386 73 123 327 359 184 345 142 48 398 167 1 101 28 186 394 186 347 460 484 210 64 468 24 389 160 120 105 2 392 77 113 95 408 201 92 172 241 423 60 371 494 124 199 396 271 346 431 4 253 176 429 457 309 419 410 292 145 90 0 229 279 314 226 394 406 144 55 169
299 237 354 280 460 353 138 256 156 272 241 291 165 474 351 404 316 285 282 95 221 305 137 379 131 494 41 478 485 219 273 60 182 135 183 451 331 111 412 113 306 195 116 427 134 42 307 327 241 449 329 133 299 471 336 260 74 263 351 100 50 32 310 401 340 442 124 432 383 281 359 295 232 457 304 370 124 68 403 477 111 379 11 212 269 411 202 248 229 0 169 272 449 246 1 146 58 261
73 471 227 130 155 243 243 275 492 93 92 99 450 101 387 331 261 216 328 294 366 441 71 39 199 348 195 469 40 120 357 238 325 460 297 236 315 70 218 240 379 340 73 453 3 374 285 308 464 68 188 25 328 194 232 311 474 54 185 64 443 78 396 232 33 335 21 9 320 311 192 258 34 16 167 470 147 249 179 305 238 400 88 284 264 98 93 341 279 169 0 362 143 279 42 105 305 40
156 285 369 338 331 118 432 60 41 110 364 196 287 11 69 479 218 237 187 415 236 497 461 191 441 90 126 276 357 312 10 389 166 33 378 478 489 319 353 253 43 68 38 330 302 499 458 42 124 106 411 161 17 404 465 90 371 382 100 421 111 297 100 376 104 459 114 239 476 119 250 310 125 317 260 51 409 195 341 143 420 388 276 176 370 121 191 281 314 272 362 0 401 45 12 28 295 106
483 151 454 350 253 454 88 353 86 117 458 91 135 476 317 22 152 20 476 274 355 62 318 435 410 393 186 426 229 422 55 242 136 193 177 491 164 456 178 290 488 427 70 220 226 317 36 4 136 64 262 142 41 270 403 288 278 227 379 39 225 383 393 432 372 221 116 276 477 383 17 458 178 353 77 137 239 174 287 322 214 474 371 310 434 21 125 370 226 449 143 401 0 406 447 29 146 450
434 27 119 183 176 488 255 19 301 360 334 362 145 312 239 366 29 479 201 77 489 226 267 480 202 338 301 244 79 139 50 481 126 283 270 406 84 354 470 474 398 9 256 201 468 228 249 317 390 410 48 292 113 340 116 291 447 451 88 268 434 314 153 311 420 452 424 441 46 462 461 180 159 342 258 302 274 230 78 247 115 371 424 182 291 363 30 234 394 246 279 45 406 0 422 120 90 466
108 44 352 382 317 4 95 159 349 187 499 232 285 310 190 135 242 422 33 219 314 264 261 410 274 185 274 280 296 280 157 141 45 293 337 26 193 360 149 376 22 18 114 134 28 261 20 157 437 363 277 260 377 259 27 303 179 59 61 38 386 100 472 334 351 76 35 46 72 366 263 335 223 323 393 128 480 121 253 495 473 469 391 27 450 407 156 33 406 1 42 12 447 422 0 79 82 30
18 386 159 155 208 279 243 301 477 216 411 175 136 324 166 301 455 229 494 116 239 197 119 449 489 322 192 301 481 338 466 224 415 160 386 443 159 190 40 63 460 25 165 489 117 267 245 265 368 216 183 2 345 431 240 282 457 103 361 308 373 347 465 91 284 98 445 86 411 96 15 253 123 274 86 62 402 124 205 86 478 164 281 133 402 267 222 469 144 146 105 28 29 120 79 0 254 286
42 290 28 107 453 434 11 409 123 479 149 218 334 183 369 120 19 383 248 372 257 422 158 224 325 119 63 344 144 31 464 352 349 278 187 361 265 214 484 97 90 316 35 30 1 63 91 177 7 33 172 370 375 154 14 127 370 451 251 99 75 240 383 169 288 151 309 240 208 487 326 365 14 165 233 269 236 470 204 463 268 403 443 278 166 17 162 196 55 58 305 295 146 90 82 254 0 62
189 67 422 99 226 381 204 214 6 252 408 91 337 482 82 194 26 397 54 28 0 132 80 30 338 254 345 322 97 384 166 179 80 9 173 184 361 140 238 289 3 219 266 455 356 217 157 136 299 363 383 43 452 493 126 32 0 332 43 162 190 420 1 127 35 407 350 87 381 68 106 399 211 80 310 274 434 23 351 137 420 492 330 180 455 78 69 7 169 261 40 106 450 466 30 286 62 0