100
0 465 186 311 438 108 99 198 83 30 351 109 109 442 395 142 444 42 354 471 51 408 155 138 24 121 439 322 384 495 435 3 58 421 189 96 227 228 121 183 386 371 155 415 3 320 350 73 178 325 408 458 124 456 223 379 147 451 479 204 260 87 214 153 477 191 415 334 443 110 136 209 330 81 153 38 337 409 459 334 76 326 174 463 197 194 195 4 301 32 358 295 41 94 430 409 413 141 432 385 
465 0 147 146 198 163 484 328 420 367 374 97 152 391 97 405 149 64 354 82 472 393 74 98 18 465 371 405 112 319 119 224 236 47 342 456 436 166 466 469 272 261 359 285 341 333 42 27 44 60 380 320 66 379 246 497 285 154 418 8 422 245 438 346 72 443 87 8 32 381 55 76 475 447 390 429 391 76 139 375 405 371 234 400 251 426 376 171 431 21 240 73 466 70 248 403 68 254 404 386 
186 147 0 100 169 284 235 332 407 283 397 11 189 404 305 118 290 484 498 219 373 97 178 448 219 307 434 357 45 98 423 360 286 253 166 179 198 41 324 19 186 453 223 51 321 187 97 125 19 27 195 299 116 164 256 278 353 15 419 69 468 231 442 255 307 109 381 395 409 371 247 392 378 41 133 65 422 452 122 35 339 249 237 93 145 5 173 149 342 446 116 224 364 108 324 277 472 223 477 15 
311 146 100 0 8 364 87 141 381 297 459 420 252 197 175 385 161 237 91 27 462 163 487 494 420 424 363 295 125 139 476 178 277 477 45 461 322 135 440 243 380 2 469 286 382 286 470 333 490 28 256 467 453 201 455 10 289 429 178 378 19 6 80 289 337 112 200 389 447 191 373 71 470 51 44 189 90 43 146 121 93 288 173 61 145 335 61 60 32 444 286 283 58 424 229 320 131 75 275 50 
438 198 169 8 0 408 68 170 385 312 91 6 178 55 80 231 359 116 364 431 56 473 38 168 348 263 230 19 267 292 106 52 354 168 78 169 292 60 187 346 177 333 138 128 297 26 1 389 353 212 145 476 119 297 254 189 378 425 77 283 294 386 487 165 439 491 360 258 367 348 351 247 207 245 232 469 418 90 444 356 358 348 103 421 279 10 416 281 499 23 389 204 429 154 265 116 185 455 230 41 
108 163 284 364 408 0 146 71 252 83 386 410 272 245 370 84 399 328 301 343 297 177 338 306 67 115 291 340 12 152 421 449 81 58 3 497 476 382 209 233 167 499 83 108 401 408 197 23 359 249 92 442 112 14 430 59 343 71 294 31 281 291 371 14 415 468 423 221 447 242 196 201 411 113 378 474 292 17 414 128 153 156 335 0 146 389 162 180 340 394 17 216 260 473 177 341 256 408 143 212 
99 484 235 87 68 146 0 218 305 282 411 496 156 217 258 301 191 475 414 411 3 137 234 324 470 312 114 423 161 33 264 273 141 454 444 329 33 498 43 477 318 327 50 95 262 478 448 453 472 226 79 422 247 440 369 322 261 14 437 275 176 166 61 473 403 69 277 258 13 451 495 332 238 336 186 17 440 113 56 72 27 84 458 221 421 102 140 353 298 467 72 35 362 221 144 83 435 480 264 54 
198 328 332 141 170 71 218 0 54 425 447 444 433 113 377 304 492 415 255 423 326 133 344 248 269 152 151 304 436 161 179 196 113 191 483 169 71 435 90 343 306 226 60 172 414 466 71 382 156 267 229 93 373 469 452 144 209 426 93 221 185 97 56 384 29 339 445 340 53 271 102 204 27 398 185 489 295 168 331 314 445 259 469 210 408 395 187 171 177 124 107 318 128 59 256 351 438 113 81 418 
83 420 407 381 385 252 305 54 0 395 300 498 194 281 247 109 465 79 493 295 405 56 287 409 245 139 4 400 142 169 363 0 414 203 15 17 436 491 496 101 140 361 482 9 331 12 295 81 366 304 445 255 485 263 216 224 498 206 51 12 240 476 46 399 185 305 292 429 416 146 132 152 309 329 218 415 300 303 457 129 472 461 289 468 269 43 232 139 276 34 293 425 269 352 221 81 363 384 256 158 
30 367 283 297 312 83 282 425 395 0 226 178 361 276 491 445 409 198 20 6 45 460 402 3 264 196 290 344 451 375 196 439 359 380 434 428 132 285 220 466 283 467 184 74 184 322 51 116 240 260 275 404 257 73 448 117 46 24 17 47 188 323 342 308 278 135 242 390 275 167 287 46 214 492 128 308 83 366 468 440 285 293 94 332 495 143 194 430 421 141 60 222 363 232 495 488 181 345 397 327 
351 374 397 459 91 386 411 447 300 226 0 394 294 321 9 409 360 390 242 136 133 81 120 108 6 420 368 170 71 472 34 155 57 339 26 45 297 10 435 431 374 163 201 66 38 456 411 56 453 120 178 24 130 204 447 179 35 233 374 165 468 219 228 126 436 163 418 428 356 5 367 20 375 7 262 38 470 230 483 292 326 188 114 461 442 75 261 360 77 78 12 337 365 379 368 409 135 267 40 378 
109 97 11 420 6 410 496 444 498 178 394 0 18 181 210 36 475 89 7 462 334 377 399 104 220 9 392 139 192 65 106 224 449 257 32 499 134 86 281 63 450 112 33 458 462 267 202 339 28 309 152 122 97 208 5 378 478 160 350 429 96 77 301 80 15 488 299 426 482 254 103 76 450 338 435 52 39 425 70 180 477 7 172 115 28 41 329 492 497 308 27 275 3 165 268 217 341 133 463 409 
109 152 189 252 178 272 156 433 194 361 294 18 0 186 486 481 296 218 426 91 272 138 405 327 312 300 78 118 421 287 34 465 257 373 113 417 370 431 462 480 250 325 27 190 325 245 21 48 120 262 69 493 225 450 48 63 279 224 440 436 88 121 34 427 377 143 392 442 398 261 13 21 25 109 222 186 497 296 288 134 358 272 411 280 11 12 263 139 329 31 54 497 107 366 358 349 352 101 237 380 
442 391 404 197 55 245 217 113 281 276 321 181 186 0 207 421 214 274 488 182 170 447 13 374 145 342 456 114 100 271 358 61 239 477 182 368 359 332 226 248 254 187 446 342 360 93 178 176 452 385 45 495 18 353 105 444 162 452 247 232 409 345 21 153 4 147 225 140 204 346 240 156 34 390 492 168 257 475 259 191 452 68 119 372 261 408 110 41 16 111 215 473 289 13 423 201 481 101 376 305 
395 97 305 175 80 370 258 377 247 491 9 210 486 207 0 95 216 171 488 297 394 248 454 277 376 481 28 494 207 133 374 415 404 472 190 450 49 52 453 307 471 476 205 181 362 325 352 10 84 487 144 479 424 328 477 360 454 246 212 423 11 57 333 129 441 175 471 340 187 103 253 181 334 72 73 370 150 411 387 284 395 383 304 250 201 281 312 46 176 428 455 331 424 431 37 430 96 274 181 155 
142 405 118 385 231 84 301 304 109 445 409 36 481 421 95 0 402 407 321 133 426 487 412 341 318 1 449 146 431 167 219 92 207 106 388 362 156 428 200 63 105 368 266 154 233 65 309 438 42 498 499 175 213 469 175 230 38 177 478 87 350 305 497 190 76 337 475 331 260 74 351 422 45 434 54 394 268 195 310 465 307 310 370 419 158 436 412 292 491 211 271 373 322 264 371 43 127 36 462 389 
444 149 290 161 359 399 191 492 465 409 360 475 296 214 216 402 0 398 10 137 380 140 447 6 445 113 456 313 175 262 267 417 31 12 44 304 308 269 453 405 179 109 230 243 267 217 460 224 231 216 308 437 268 210 411 480 357 496 232 273 369 89 413 324 309 444 233 449 74 404 83 61 498 185 307 202 118 166 455 322 322 52 365 384 130 281 263 417 424 487 372 351 457 199 325 101 35 467 349 172 
42 64 484 237 116 328 475 415 79 198 390 89 218 274 171 407 398 0 30 188 207 210 424 404 44 89 190 97 205 365 144 116 304 299 147 69 38 428 405 444 424 13 458 480 154 437 3 197 70 391 181 165 119 213 415 212 399 191 210 494 463 344 252 1 281 135 410 274 322 379 309 274 289 120 181 419 390 12 88 114 209 453 419 78 229 317 322 246 479 279 126 257 331 192 28 243 348 465 29 32 
354 354 498 91 364 301 414 255 493 20 242 7 426 488 488 321 10 30 0 469 314 43 25 59 189 220 52 253 217 301 263 227 63 46 479 385 154 462 232 46 402 130 274 53 312 339 407 246 317 359 106 97 355 316 108 74 177 411 427 244 23 251 262 436 336 24 383 191 451 386 161 454 181 65 343 294 353 418 203 31 86 295 44 141 174 414 413 19 41 233 241 19 377 38 57 444 243 96 184 98 
471 82 219 27 431 343 411 423 295 6 136 462 91 182 297 133 137 188 469 0 109 200 256 10 488 492 242 24 385 163 248 211 347 307 18 414 374 419 207 452 460 99 470 142 360 26 158 314 260 46 381 233 45 42 405 370 438 181 140 38 453 223 498 73 155 256 420 137 456 212 33 47 413 240 23 66 141 0 445 146 470 309 50 16 230 480 496 121 248 258 271 362 72 283 308 219 227 53 86 47 
51 472 373 462 56 297 3 326 405 45 133 334 272 170 394 426 380 207 314 109 0 330 328 131 54 30 154 490 279 71 59 18 328 162 478 60 63 149 129 260 301 339 444 208 382 427 171 416 365 418 456 484 135 161 171 428 48 108 185 354 421 232 264 85 252 237 364 461 483 279 373 292 156 494 349 484 371 383 169 325 196 463 254 446 392 61 290 74 486 85 421 201 239 357 167 143 443 425 41 458 
408 393 97 163 473 177 137 133 56 460 81 377 138 447 248 487 140 210 43 200 330 0 194 388 104 2 41 306 411 281 101 325 5 99 181 210 98 139 253 120 452 265 180 230 208 437 30 257 416 36 248 414 253 59 334 301 258 17 346 138 100 155 300 56 227 393 136 322 220 217 61 228 459 230 82 111 388 108 446 239 83 344 111 300 458 127 360 56 408 199 213 358 491 45 411 102 305 373 247 436 
155 74 178 487 38 338 234 344 287 402 120 399 405 13 454 412 447 424 25 256 328 194 0 180 457 216 449 374 433 468 423 193 436 387 236 54 231 424 247 244 494 22 0 254 494 101 167 163 414 196 268 293 461 404 361 61 444 94 114 495 74 337 15 13 330 151 323 21 121 221 384 391 83 262 359 218 120 390 269 234 372 21 138 275 495 23 84 172 474 246 299 461 199 102 233 434 178 308 227 278 
138 98 448 494 168 306 324 248 409 3 108 104 327 374 277 341 6 404 59 10 131 388 180 0 250 355 323 411 393 301 264 362 45 252 282 406 332 189 138 371 405 47 102 392 437 202 491 15 10 83 426 252 153 225 51 205 150 395 439 322 91 451 0 261 443 94 137 489 414 223 69 113 380 321 378 427 105 376 395 499 492 484 100 147 63 91 216 386 111 445 120 398 480 325 381 288 427 292 179 88 
24 18 219 420 348 67 470 269 245 264 6 220 312 145 376 318 445 44 189 488 54 104 457 250 0 322 105 90 105 261 111 73 317 78 491 355 94 387 151 198 11 75 240 398 102 155 311 276 468 122 421 168 158 281 85 382 393 416 359 75 97 202 269 270 320 219 431 33 83 14 349 276 401 97 350 176 216 453 121 284 201 412 193 169 445 242 391 346 78 416 497 268 24 448 213 223 180 80 388 25 
121 465 307 424 263 115 312 152 139 196 420 9 300 342 481 1 113 89 220 492 30 2 216 355 322 0 46 425 338 419 412 61 216 191 463 141 435 265 344 262 286 499 271 193 140 18 28 466 91 394 153 137 488 285 479 109 59 479 218 421 302 198 419 196 328 270 103 49 396 289 399 284 154 166 1 16 425 462 306 466 457 107 461 237 79 147 117 418 279 482 304 416 362 470 334 442 368 186 132 125 
439 371 434 363 230 291 114 151 4 290 368 392 78 456 28 449 456 190 52 242 154 41 449 323 105 46 0 467 208 436 150 340 417 274 95 382 201 228 80 219 476 158 64 332 362 176 129 336 317 58 116 433 482 361 418 97 93 405 241 116 377 310 84 138 299 472 66 386 103 310 308 213 28 310 66 473 209 110 212 398 92 111 227 483 94 137 480 311 168 53 251 287 396 30 34 338 184 82 163 281 
322 405 357 295 19 340 423 304 400 344 170 139 118 114 494 146 313 97 253 24 490 306 374 411 90 425 467 0 38 51 73 429 228 96 439 132 145 394 163 275 340 473 372 164 37 145 399 306 355 193 65 149 374 140 388 333 463 11 135 289 228 447 239 23 407 341 76 450 21 265 246 58 397 243 423 224 491 351 499 421 263 143 476 438 46 47 286 399 356 99 264 189 457 76 366 122 458 181 101 457 
384 112 45 125 267 12 161 436 142 451 71 192 421 100 207 431 175 205 217 385 279 411 433 393 105 338 208 38 0 87 286 277 81 291 314 55 461 13 22 312 457 342 364 54 466 369 436 488 32 132 149 355 93 154 208 474 479 72 231 285 55 68 333 437 442 338 324 151 89 145 135 362 394 151 407 243 472 318 429 359 260 51 258 28 45 446 340 255 406 186 48 53 449 145 174 384 394 100 161 319 
495 319 98 139 292 152 33 161 169 375 472 65 287 271 133 167 262 365 301 163 71 281 468 301 261 419 436 51 87 0 352 204 108 465 124 201 160 491 468 242 183 297 294 436 68 362 94 378 467 18 421 290 12 451 322 397 218 15 123 234 486 381 34 141 94 454 45 201 452 282 253 124 203 44 383 160 126 165 6 70 33 84 271 401 270 105 370 351 484 135 426 174 181 481 99 82 140 283 41 14 
435 119 423 476 106 421 264 179 363 196 34 106 34 358 374 219 267 144 263 248 59 101 423 264 111 412 150 73 286 352 0 343 176 201 260 453 262 229 22 450 285 241 101 194 409 236 355 413 449 31 320 243 135 479 159 22 163 167 250 22 117 321 388 69 203 298 405 166 337 282 211 477 417 56 192 440 472 88 250 369 87 394 391 52 122 138 290 225 48 421 323 113 462 440 254 217 59 415 488 435 
3 224 360 178 52 449 273 196 0 439 155 224 465 61 415 92 417 116 227 211 18 325 193 362 73 61 340 429 277 204 343 0 444 316 258 62 29 366 394 62 285 485 437 277 416 237 485 257 214 400 95 365 381 390 488 92 371 158 0 233 292 106 324 234 342 164 108 257 132 243 308 256 424 126 469 354 308 30 157 60 418 377 376 43 444 88 65 349 134 407 160 457 267 365 2 43 313 277 233 237 
58 236 286 277 354 81 141 113 414 359 57 449 257 239 404 207 31 304 63 347 328 5 436 45 317 216 417 228 81 108 176 444 0 365 215 330 278 159 496 292 86 463 209 423 62 111 268 405 389 302 477 197 458 307 251 413 147 324 75 411 109 448 355 404 276 38 114 449 435 228 381 293 299 369 279 200 418 271 395 116 455 391 318 271 382 337 245 4 416 55 200 494 45 457 418 426 33 100 112 325 
421 47 253 477 168 58 454 191 203 380 339 257 373 477 472 106 12 299 46 307 162 99 387 252 78 191 274 96 291 465 201 316 365 0 60 97 73 114 282 406 91 211 180 13 84 310 223 415 221 324 490 150 70 204 473 468 144 185 106 34 234 78 135 68 18 11 475 21 412 159 310 322 253 463 416 243 88 54 113 50 296 135 493 315 132 238 2 435 266 429 399 131 344 371 345 297 33 71 234 382 
189 342 166 45 78 3 444 483 15 434 26 32 113 182 190 388 44 147 479 18 478 181 236 282 491 463 95 439 314 124 260 258 215 60 0 55 425 64 129 119 81 15 491 215 442 59 184 32 30 433 486 275 4 447 156 377 102 10 320 178 318 115 494 441 26 466 401 187 273 34 181 177 424 253 18 305 241 27 236 215 438 240 496 431 382 398 7 179 395 245 89 306 478 429 215 314 303 485 217 110 
96 456 179 461 169 497 329 169 17 428 45 499 417 368 450 362 304 69 385 414 60 210 54 406 355 141 382 132 55 201 453 62 330 97 55 0 194 387 416 404 145 100 454 237 279 141 172 261 15 106 233 479 57 450 211 342 310 143 470 215 463 439 195 321 440 149 90 458 171 180 127 106 236 102 86 31 134 105 267 359 277 473 487 256 15 357 176 264 37 61 406 398 238 3 330 68 258 20 372 205 
227 436 198 322 292 476 33 71 436 132 297 134 370 359 49 156 308 38 154 374 63 98 231 332 94 435 201 145 461 160 262 29 278 73 425 194 0 480 231 276 205 230 190 346 395 116 177 352 219 41 25 292 85 91 175 330 409 424 341 253 395 435 203 284 125 207 477 255 392 25 487 166 430 171 55 49 80 327 51 143 472 234 88 114 239 334 45 3 173 30 306 92 58 125 318 185 179 112 335 437 
228 166 41 135 60 382 498 435 491 285 10 86 431 332 52 428 269 428 462 419 149 139 424 189 387 265 228 394 13 491 229 366 159 114 64 387 480 0 269 329 204 88 232 413 419 239 271 214 451 137 476 227 358 398 383 100 198 121 30 145 5 112 252 156 269 245 106 157 200 135 226 208 305 480 265 321 29 328 486 201 444 455 107 415 173 177 430 209 84 334 238 31 362 373 89 425 145 124 246 235 
121 466 324 440 187 209 43 90 496 220 435 281 462 226 453 200 453 405 232 207 129 253 247 138 151 344 80 163 22 468 22 394 496 282 129 416 231 269 0 118 369 230 295 491 472 315 410 86 484 489 319 359 236 38 434 283 237 65 196 407 348 171 213 234 457 263 27 420 102 214 137 23 165 231 45 144 343 16 72 130 313 236 377 403 7 171 194 444 309 347 191 68 135 11 143 365 53 224 450 144 
183 469 19 243 346 233 477 343 101 466 431 63 480 248 307 63 405 444 46 452 260 120 244 371 198 262 219 275 312 242 450 62 292 406 119 404 276 329 118 0 299 345 88 120 144 188 361 38 344 250 59 336 494 361 3 112 168 84 173 360 433 448 211 199 99 233 308 388 186 489 319 196 309 459 385 17 240 10 144 438 195 347 72 428 482 272 141 90 162 298 478 64 63 76 101 286 153 2 7 38 
386 272 186 380 177 167 318 306 140 283 374 450 250 254 471 105 179 424 402 460 301 452 494 405 11 286 476 340 457 183 285 285 86 91 81 145 205 204 369 299 0 326 495 478 83 283 236 207 402 342 474 204 485 397 209 269 231 257 75 169 320 5 237 31 109 485 419 452 259 151 8 472 121 58 151 250 494 475 344 303 102 245 422 416 278 60 358 219 216 176 365 371 147 111 173 324 243 91 166 415 
371 261 453 2 333 499 327 226 361 467 163 112 325 187 476 368 109 13 130 99 339 265 22 47 75 499 158 473 342 297 241 485 463 211 15 100 230 88 230 345 326 0 129 315 39 346 490 350 218 261 369 7 229 137 279 231 450 236 274 110 268 143 345 277 267 470 346 342 295 325 151 170 360 43 423 91 336 487 232 474 475 430 91 125 327 414 198 177 192 349 307 225 353 440 49 426 256 200 253 112 
155 359 223 469 138 83 50 60 482 184 201 33 27 446 205 266 230 458 274 470 444 180 0 102 240 271 64 372 364 294 101 437 209 180 491 454 190 232 295 88 495 129 0 122 376 184 172 259 275 405 171 31 70 231 314 97 386 371 369 100 101 438 1 67 493 269 111 423 333 207 177 200 496 324 237 188 386 10 356 99 260 212 140 404 149 279 270 283 199 5 230 265 189 97 424 282 55 79 431 450 
415 285 51 286 128 108 95 172 9 74 66 458 190 342 181 154 243 480 53 142 208 230 254 392 398 193 332 164 54 436 194 277 423 13 215 237 346 413 491 120 478 315 122 0 145 299 296 429 394 147 439 191 437 72 323 128 196 237 53 379 247 26 210 262 122 344 417 211 173 468 246 174 28 358 299 67 19 347 389 280 53 400 359 54 28 422 307 87 160 116 402 149 39 169 99 366 293 450 426 35 
3 341 321 382 297 401 262 414 331 184 38 462 325 360 362 233 267 154 312 360 382 208 494 437 102 140 362 37 466 68 409 416 62 84 442 279 395 419 472 144 83 39 376 145 0 198 94 497 417 244 143 334 49 43 422 469 240 189 373 125 467 108 401 290 53 4 226 142 441 334 490 407 473 227 276 256 291 165 84 347 320 77 68 314 469 496 149 400 244 170 270 342 352 357 256 186 5 406 151 249 
320 333 187 286 26 408 478 466 12 322 456 267 245 93 325 65 217 437 339 26 427 437 101 202 155 18 176 145 369 362 236 237 111 310 59 141 116 239 315 188 283 346 184 299 198 0 101 423 411 409 482 296 460 149 67 256 274 462 313 40 183 86 265 280 471 439 201 81 229 89 297 71 53 167 186 167 30 399 311 335 307 260 481 91 379 453 208 298 296 379 138 105 156 440 429 153 277 171 90 262 
350 42 97 470 1 197 448 71 295 51 411 202 21 178 352 309 460 3 407 158 171 30 167 491 311 28 129 399 436 94 355 485 268 223 184 172 177 271 410 361 236 490 172 296 94 101 0 172 140 375 290 53 478 281 334 436 452 315 83 314 16 6 459 336 36 395 349 339 179 478 219 1 186 56 202 307 152 406 432 334 287 82 348 487 56 401 273 223 200 412 417 411 385 168 107 125 318 379 215 458 
73 27 125 333 389 23 453 382 81 116 56 339 48 176 10 438 224 197 246 314 416 257 163 15 276 466 336 306 488 378 413 257 405 415 32 261 352 214 86 38 207 350 259 429 497 423 172 0 436 41 185 476 209 380 156 81 270 348 433 184 481 490 222 109 431 353 296 360 435 323 274 307 389 52 148 147 385 52 379 130 373 179 56 246 102 147 87 436 20 83 476 437 129 447 308 140 328 262 36 186 
178 44 19 490 353 359 472 156 366 240 453 28 120 452 84 42 231 70 317 260 365 416 414 10 468 91 317 355 32 467 449 214 389 221 30 15 219 451 484 344 402 218 275 394 417 411 140 436 0 371 240 351 136 162 412 407 477 262 352 130 455 92 488 337 478 1 364 255 455 161 39 31 363 99 1 131 168 321 66 163 247 185 247 323 279 129 65 13 112 429 123 58 422 141 453 97 421 191 248 9 
325 60 27 28 212 249 226 267 304 260 120 309 262 385 487 498 216 391 359 46 418 36 196 83 122 394 58 193 132 18 31 400 302 324 433 106 41 137 489 250 342 261 405 147 244 409 375 41 371 0 380 63 364 434 460 268 479 39 230 132 157 298 463 127 480 235 229 233 248 244 168 17 493 117 190 324 1 173 83 292 495 131 28 103 330 11 287 208 296 190 199 329 323 440 223 30 303 286 145 496 
408 380 195 256 145 92 79 229 445 275 178 152 69 45 144 499 308 181 106 381 456 248 268 426 421 153 116 65 149 421 320 95 477 490 486 233 25 476 319 59 474 369 171 439 143 482 290 185 240 380 0 88 473 327 161 358 228 227 209 12 356 75 144 223 254 270 423 290 458 347 185 53 205 423 348 317 486 450 315 429 467 51 417 495 355 374 3 486 207 275 368 354 482 453 375 50 80 174 313 238 
458 320 299 467 476 442 422 93 255 404 24 122 493 495 479 175 437 165 97 233 484 414 293 252 168 137 433 149 355 290 243 365 197 150 275 479 292 227 359 336 204 7 31 191 334 296 53 476 351 63 88 0 222 366 205 370 369 145 94 466 351 65 78 249 441 487 198 80 221 400 289 161 105 415 39 193 208 165 415 418 315 51 289 344 387 29 442 1 136 250 15 182 228 253 275 367 405 386 341 283 
124 66 116 453 119 112 247 373 485 257 130 97 225 18 424 213 268 119 355 45 135 253 461 153 158 488 482 374 93 12 135 381 458 70 4 57 85 358 236 494 485 229 70 437 49 460 478 209 136 364 473 222 0 468 341 271 431 402 190 429 448 83 67 314 248 425 234 389 261 58 9 106 113 490 296 406 233 468 344 295 41 115 183 480 0 29 254 35 419 240 292 418 228 410 296 330 39 162 237 45 
456 379 164 201 297 14 440 469 263 73 204 208 450 353 328 469 210 213 316 42 161 59 404 225 281 285 361 140 154 451 479 390 307 204 447 450 91 398 38 361 397 137 231 72 43 149 281 380 162 434 327 366 468 0 484 71 225 63 130 248 103 358 293 21 120 95 178 456 211 439 358 489 426 74 200 276 398 494 217 270 114 319 179 27 85 15 201 223 433 281 496 422 125 25 129 394 282 363 400 103 
223 246 256 455 254 430 369 452 216 448 447 5 48 105 477 175 411 415 108 405 171 334 361 51 85 479 418 388 208 322 159 488 251 473 156 211 175 383 434 3 209 279 314 323 422 67 334 156 412 460 161 205 341 484 0 150 75 343 426 223 31 9 351 27 25 253 438 335 24 472 195 314 43 36 340 55 319 434 371 186 305 149 344 381 304 209 133 16 348 167 473 228 494 458 291 360 133 238 57 202 
379 497 278 10 189 59 322 144 224 117 179 378 63 444 360 230 480 212 74 370 428 301 61 205 382 109 97 333 474 397 22 92 413 468 377 342 330 100 283 112 269 231 97 128 469 256 436 81 407 268 358 370 271 71 150 0 333 59 494 439 34 128 276 376 345 100 300 486 388 81 246 73 468 220 115 453 393 495 430 86 158 348 276 27 428 301 165 496 27 348 183 99 284 329 202 419 197 5 52 149 
147 285 353 289 378 343 261 209 498 46 35 478 279 162 454 38 357 399 177 438 48 258 444 150 393 59 93 463 479 218 163 371 147 144 102 310 409 198 237 168 231 450 386 196 240 274 452 270 477 479 228 369 431 225 75 333 0 240 160 343 403 471 219 371 367 367 177 174 135 175 271 453 382 56 462 123 381 63 261 30 456 55 409 238 445 53 177 416 439 466 201 444 306 351 45 402 164 428 367 451 
451 154 15 429 425 71 14 426 206 24 233 160 224 452 246 177 496 191 411 181 108 17 94 395 416 479 405 11 72 15 167 158 324 185 10 143 424 121 65 84 257 236 371 237 189 462 315 348 262 39 227 145 402 63 343 59 240 0 164 29 477 214 370 378 425 281 8 428 307 481 265 27 102 237 244 73 444 425 452 185 416 460 214 410 190 360 371 66 174 254 39 364 280 420 402 226 37 461 290 173 
479 418 419 178 77 294 437 93 51 17 374 350 440 247 212 478 232 210 427 140 185 346 114 439 359 218 241 135 231 123 250 0 75 106 320 470 341 30 196 173 75 274 369 53 373 313 83 433 352 230 209 94 190 130 426 494 160 164 0 136 1 120 180 135 61 395 139 295 174 65 437 321 368 188 26 74 308 301 355 384 26 23 335 215 266 31 439 124 168 151 242 158 307 58 142 375 449 200 53 158 
204 8 69 378 283 31 275 221 12 47 165 429 436 232 423 87 273 494 244 38 354 138 495 322 75 421 116 289 285 234 22 233 411 34 178 215 253 145 407 360 169 110 100 379 125 40 314 184 130 132 12 466 429 248 223 439 343 29 136 0 445 47 309 259 102 243 435 212 2 181 439 192 225 217 206 267 197 137 63 85 479 210 226 90 19 286 21 420 179 326 86 349 351 13 387 180 267 411 432 320 
260 422 468 19 294 281 176 185 240 188 468 96 88 409 11 350 369 463 23 453 421 100 74 91 97 302 377 228 55 486 117 292 109 234 318 463 395 5 348 433 320 268 101 247 467 183 16 481 455 157 356 351 448 103 31 34 403 477 1 445 0 97 131 183 136 390 445 216 63 44 220 23 72 378 269 232 488 494 169 156 348 417 162 122 305 292 121 221 14 233 8 227 338 330 20 215 474 157 32 287 
87 245 231 6 386 291 166 97 476 323 219 77 121 345 57 305 89 344 251 223 232 155 337 451 202 198 310 447 68 381 321 106 448 78 115 439 435 112 171 448 5 143 438 26 108 86 6 490 92 298 75 65 83 358 9 128 471 214 120 47 97 0 334 71 262 143 291 495 267 242 397 106 451 251 321 25 58 145 433 350 138 99 11 400 365 267 483 344 42 298 129 159 88 164 61 411 7 204 93 261 
214 438 442 80 487 371 61 56 46 342 228 301 34 21 333 497 413 252 262 498 264 300 15 0 269 419 84 239 333 34 388 324 355 135 494 195 203 252 213 211 237 345 1 210 401 265 459 222 488 463 144 78 67 293 351 276 219 370 180 309 131 334 0 135 415 183 103 28 73 72 295 73 45 235 158 336 57 296 457 115 113 169 248 464 304 391 224 76 367 120 148 131 492 230 60 433 45 184 92 74 
153 346 255 289 165 14 473 384 399 308 126 80 427 153 129 190 324 1 436 73 85 56 13 261 270 196 138 23 437 141 69 234 404 68 441 321 284 156 234 199 31 277 67 262 290 280 336 109 337 127 223 249 314 21 27 376 371 378 135 259 183 71 135 0 4 76 190 221 396 443 143 76 134 432 367 313 405 170 42 379 166 442 145 359 80 249 259 372 374 305 127 448 182 445 74 359 145 8 154 23 
477 72 307 337 439 415 403 29 185 278 436 15 377 4 441 76 309 281 336 155 252 227 330 443 320 328 299 407 442 94 203 342 276 18 26 440 125 269 457 99 109 267 493 122 53 471 36 431 478 480 254 441 248 120 25 345 367 425 61 102 136 262 415 4 0 116 229 369 91 14 259 476 164 399 237 477 161 316 81 109 274 60 370 82 30 90 246 373 145 400 280 124 117 334 83 460 382 341 437 310 
191 443 109 112 491 468 69 339 305 135 163 488 143 147 175 337 444 135 24 256 237 393 151 94 219 270 472 341 338 454 298 164 38 11 466 149 207 245 263 233 485 470 269 344 4 439 395 353 1 235 270 487 425 95 253 100 367 281 395 243 390 143 183 76 116 0 69 172 319 495 460 214 309 19 495 291 275 258 17 496 494 252 193 447 201 15 498 174 96 195 55 46 182 272 414 199 330 283 419 245 
415 87 381 200 360 423 277 445 292 242 418 299 392 225 471 475 233 410 383 420 364 136 323 137 431 103 66 76 324 45 405 108 114 475 401 90 477 106 27 308 419 346 111 417 226 201 349 296 364 229 423 198 234 178 438 300 177 8 139 435 445 291 103 190 229 69 0 46 162 197 53 314 416 243 21 387 307 184 78 53 70 68 365 403 236 341 202 219 141 186 149 378 287 346 386 87 148 25 351 35 
334 8 395 389 258 221 258 340 429 390 428 426 442 140 340 331 449 274 191 137 461 322 21 489 33 49 386 450 151 201 166 257 449 21 187 458 255 157 420 388 452 342 423 211 142 81 339 360 255 233 290 80 389 456 335 486 174 428 295 212 216 495 28 221 369 172 46 0 156 340 324 392 477 208 267 80 418 399 65 17 43 376 4 456 1 254 129 7 282 157 152 496 277 365 341 16 206 312 220 294 
443 32 409 447 367 447 13 53 416 275 356 482 398 204 187 260 74 322 451 456 483 220 121 414 83 396 103 21 89 452 337 132 435 412 273 171 392 200 102 186 259 295 333 173 441 229 179 435 455 248 458 221 261 211 24 388 135 307 174 2 63 267 73 396 91 319 162 156 0 65 72 146 423 475 239 309 291 250 164 241 125 400 88 252 273 87 403 308 1 65 370 107 189 494 407 388 245 100 387 446 
110 381 371 191 348 242 451 271 146 167 5 254 261 346 103 74 404 379 386 212 279 217 221 223 14 289 310 265 145 282 282 243 228 159 34 180 25 135 214 489 151 325 207 468 334 89 478 323 161 244 347 400 58 439 472 81 175 481 65 181 44 242 72 443 14 495 197 340 65 0 19 374 485 383 89 148 272 184 43 161 45 186 282 87 60 83 228 233 482 317 409 90 319 305 311 157 385 82 326 7 
136 55 247 373 351 196 495 102 132 287 367 103 13 240 253 351 83 309 161 33 373 61 384 69 349 399 308 246 135 253 211 308 381 310 181 127 487 226 137 319 8 151 177 246 490 297 219 274 39 168 185 289 9 358 195 246 271 265 437 439 220 397 295 143 259 460 53 324 72 19 0 394 113 385 130 124 125 66 28 84 374 477 258 297 468 258 21 96 27 123 61 135 58 433 30 437 26 392 194 410 
209 76 392 71 247 201 332 204 152 46 20 76 21 156 181 422 61 274 454 47 292 228 391 113 276 284 213 58 362 124 477 256 293 322 177 106 166 208 23 196 472 170 200 174 407 71 1 307 31 17 53 161 106 489 314 73 453 27 321 192 23 106 73 76 476 214 314 392 146 374 394 0 486 196 122 172 286 329 106 332 138 272 202 158 340 228 238 391 199 49 227 357 334 493 320 104 157 407 16 313 
330 475 378 470 207 411 238 27 309 214 375 450 25 34 334 45 498 289 181 413 156 459 83 380 401 154 28 397 394 203 417 424 299 253 424 236 430 305 165 309 121 360 496 28 473 53 186 389 363 493 205 105 113 426 43 468 382 102 368 225 72 451 45 134 164 309 416 477 423 485 113 486 0 42 63 362 290 461 450 210 382 46 9 321 493 168 291 394 38 251 320 96 396 155 476 412 482 33 150 100 
81 447 41 51 245 113 336 398 329 492 7 338 109 390 72 434 185 120 65 240 494 230 262 321 97 166 310 243 151 44 56 126 369 463 253 102 171 480 231 459 58 43 324 358 227 167 56 52 99 117 423 415 490 74 36 220 56 237 188 217 378 251 235 432 399 19 243 208 475 383 385 196 42 0 245 272 252 373 362 217 182 341 21 268 408 426 96 109 451 217 464 169 141 417 421 202 175 283 32 448 
153 390 133 44 232 378 186 185 218 128 262 435 222 492 73 54 307 181 343 23 349 82 359 378 350 1 66 423 407 383 192 469 279 416 18 86 55 265 45 385 151 423 237 299 276 186 202 148 1 190 348 39 296 200 340 115 462 244 26 206 269 321 158 367 237 495 21 267 239 89 130 122 63 245 0 113 247 460 314 42 3 96 409 325 152 68 161 97 230 244 333 378 282 491 2 244 241 136 73 452 
38 429 65 189 469 474 17 489 415 308 38 52 186 168 370 394 202 419 294 66 484 111 218 427 176 16 473 224 243 160 440 354 200 243 305 31 49 321 144 17 250 91 188 67 256 167 307 147 131 324 317 193 406 276 55 453 123 73 74 267 232 25 336 313 477 291 387 80 309 148 124 172 362 272 113 0 209 398 104 155 352 381 406 474 259 227 343 349 301 375 278 272 395 199 255 475 495 134 477 228 
337 391 422 90 418 292 440 295 300 83 470 39 497 257 150 268 118 390 353 141 371 388 120 105 216 425 209 491 472 126 472 308 418 88 241 134 80 29 343 240 494 336 386 19 291 30 152 385 168 1 486 208 233 398 319 393 381 444 308 197 488 58 57 405 161 275 307 418 291 272 125 286 290 252 247 209 0 285 263 261 398 213 473 221 433 374 293 481 285 454 394 1 125 55 275 62 304 240 232 6 
409 76 452 43 90 17 113 168 303 366 230 425 296 475 411 195 166 12 418 0 383 108 390 376 453 462 110 351 318 165 88 30 271 54 27 105 327 328 16 10 475 487 10 347 165 399 406 52 321 173 450 165 468 494 434 495 63 425 301 137 494 145 296 170 316 258 184 399 250 184 66 329 461 373 460 398 285 0 171 215 85 84 216 264 52 39 285 412 19 158 157 273 323 223 127 3 494 402 208 299 
459 139 122 146 444 414 56 331 457 468 483 70 288 259 387 310 455 88 203 445 169 446 269 395 121 306 212 499 429 6 250 157 395 113 236 267 51 486 72 144 344 232 356 389 84 311 432 379 66 83 315 415 344 217 371 430 261 452 355 63 169 433 457 42 81 17 78 65 164 43 28 106 450 362 314 104 263 171 0 344 326 445 272 146 353 198 297 496 87 83 44 255 300 464 163 279 493 491 398 404 
334 375 35 121 356 128 72 314 129 440 292 180 134 191 284 465 322 114 31 146 325 239 234 499 284 466 398 421 359 70 369 60 116 50 215 359 143 201 130 438 303 474 99 280 347 335 334 130 163 292 429 418 295 270 186 86 30 185 384 85 156 350 115 379 109 496 53 17 241 161 84 332 210 217 42 155 261 215 344 0 375 271 16 441 488 140 131 82 457 202 446 462 437 13 75 68 222 147 166 386 
76 405 339 93 358 153 27 445 472 285 326 477 358 452 395 307 322 209 86 470 196 83 372 492 201 457 92 263 260 33 87 418 455 296 438 277 472 444 313 195 102 475 260 53 320 307 287 373 247 495 467 315 41 114 305 158 456 416 26 479 348 138 113 166 274 494 70 43 125 45 374 138 382 182 3 352 398 85 326 375 0 465 186 19 494 396 330 120 265 120 388 468 248 170 155 299 272 317 62 220 
326 371 249 288 348 156 84 259 461 293 188 7 272 68 383 310 52 453 295 309 463 344 21 484 412 107 111 143 51 84 394 377 391 135 240 473 234 455 236 347 245 430 212 400 77 260 82 179 185 131 51 51 115 319 149 348 55 460 23 210 417 99 169 442 60 252 68 376 400 186 477 272 46 341 96 381 213 84 445 271 465 0 12 168 41 228 271 158 429 206 479 105 429 123 3 496 282 84 45 36 
174 234 237 173 103 335 458 469 289 94 114 172 411 119 304 370 365 419 44 50 254 111 138 100 193 461 227 476 258 271 391 376 318 493 496 487 88 107 377 72 422 91 140 359 68 481 348 56 247 28 417 289 183 179 344 276 409 214 335 226 162 11 248 145 370 193 365 4 88 282 258 202 9 21 409 406 473 216 272 16 186 12 0 67 474 260 16 175 47 88 309 118 457 497 212 266 138 109 17 307 
463 400 93 61 421 0 221 210 468 332 461 115 280 372 250 419 384 78 141 16 446 300 275 147 169 237 483 438 28 401 52 43 271 315 431 256 114 415 403 428 416 125 404 54 314 91 487 246 323 103 495 344 480 27 381 27 238 410 215 90 122 400 464 359 82 447 403 456 252 87 297 158 321 268 325 474 221 264 146 441 19 168 67 0 208 373 313 379 126 37 474 22 206 313 136 176 498 385 300 173 
197 251 145 145 279 146 421 408 269 495 442 28 11 261 201 158 130 229 174 230 392 458 495 63 445 79 94 46 45 270 122 444 382 132 382 15 239 173 7 482 278 327 149 28 469 379 56 102 279 330 355 387 0 85 304 428 445 190 266 19 305 365 304 80 30 201 236 1 273 60 468 340 493 408 152 259 433 52 353 488 494 41 474 208 0 263 139 67 302 454 352 421 188 375 431 183 104 482 148 234 
194 426 5 335 10 389 102 395 43 143 75 41 12 408 281 436 281 317 414 480 61 127 23 91 242 147 137 47 446 105 138 88 337 238 398 357 334 177 171 272 60 414 279 422 496 453 401 147 129 11 374 29 29 15 209 301 53 360 31 286 292 267 391 249 90 15 341 254 87 83 258 228 168 426 68 227 374 39 198 140 396 228 260 373 263 0 263 389 266 82 455 214 390 408 363 154 398 397 496 494 
195 376 173 61 416 162 140 187 232 194 261 329 263 110 312 412 263 322 413 496 290 360 84 216 391 117 480 286 340 370 290 65 245 2 7 176 45 430 194 141 358 198 270 307 149 208 273 87 65 287 3 442 254 201 133 165 177 371 439 21 121 483 224 259 246 498 202 129 403 228 21 238 291 96 161 343 293 285 297 131 330 271 16 313 139 263 0 116 476 310 70 131 496 358 386 369 178 55 81 208 
4 171 149 60 281 180 353 171 139 430 360 492 139 41 46 292 417 246 19 121 74 56 172 386 346 418 311 399 255 351 225 349 4 435 179 264 3 209 444 90 219 177 283 87 400 298 223 436 13 208 486 1 35 223 16 496 416 66 124 420 221 344 76 372 373 174 219 7 308 233 96 391 394 109 97 349 481 412 496 82 120 158 175 379 67 389 116 0 63 284 348 307 351 311 112 429 76 136 157 166 
301 431 342 32 499 340 298 177 276 421 77 497 329 16 176 491 424 479 41 248 486 408 474 111 78 279 168 356 406 484 48 134 416 266 395 37 173 84 309 162 216 192 199 160 244 296 200 20 112 296 207 136 419 433 348 27 439 174 168 179 14 42 367 374 145 96 141 282 1 482 27 199 38 451 230 301 285 19 87 457 265 429 47 126 302 266 476 63 0 373 157 332 95 207 150 108 238 180 496 249 
32 21 446 444 23 394 467 124 34 141 78 308 31 111 428 211 487 279 233 258 85 199 246 445 416 482 53 99 186 135 421 407 55 429 245 61 30 334 347 298 176 349 5 116 170 379 412 83 429 190 275 250 240 281 167 348 466 254 151 326 233 298 120 305 400 195 186 157 65 317 123 49 251 217 244 375 454 158 83 202 120 206 88 37 454 82 310 284 373 0 294 35 102 142 330 340 165 491 78 385 
358 240 116 286 389 17 72 107 293 60 12 27 54 215 455 271 372 126 241 271 421 213 299 120 497 304 251 264 48 426 323 160 200 399 89 406 306 238 191 478 365 307 230 402 270 138 417 476 123 199 368 15 292 496 473 183 201 39 242 86 8 129 148 127 280 55 149 152 370 409 61 227 320 464 333 278 394 157 44 446 388 479 309 474 352 455 70 348 157 294 0 390 195 152 240 341 456 203 30 438 
295 73 224 283 204 216 35 318 425 222 337 275 497 473 331 373 351 257 19 362 201 358 461 398 268 416 287 189 53 174 113 457 494 131 306 398 92 31 68 64 371 225 265 149 342 105 411 437 58 329 354 182 418 422 228 99 444 364 158 349 227 159 131 448 124 46 378 496 107 90 135 357 96 169 378 272 1 273 255 462 468 105 118 22 421 214 131 307 332 35 390 0 272 230 280 224 137 415 186 83 
41 466 364 58 429 260 362 128 269 363 365 3 107 289 424 322 457 331 377 72 239 491 199 480 24 362 396 457 449 181 462 267 45 344 478 238 58 362 135 63 147 353 189 39 352 156 385 129 422 323 482 228 228 125 494 284 306 280 307 351 338 88 492 182 117 182 287 277 189 319 58 334 396 141 282 395 125 323 300 437 248 429 457 206 188 390 496 351 95 102 195 272 0 81 439 412 324 67 143 397 
94 70 108 424 154 473 221 59 352 232 379 165 366 13 431 264 199 192 38 283 357 45 102 325 448 470 30 76 145 481 440 365 457 371 429 3 125 373 11 76 111 440 97 169 357 440 168 447 141 440 453 253 410 25 458 329 351 420 58 13 330 164 230 445 334 272 346 365 494 305 433 493 155 417 491 199 55 223 464 13 170 123 497 313 375 408 358 311 207 142 152 230 81 0 255 454 288 371 433 201 
430 248 324 229 265 177 144 256 221 495 368 268 358 423 37 371 325 28 57 308 167 411 233 381 213 334 34 366 174 99 254 2 418 345 215 330 318 89 143 101 173 49 424 99 256 429 107 308 453 223 375 275 296 129 291 202 45 402 142 387 20 61 60 74 83 414 386 341 407 311 30 320 476 421 2 255 275 127 163 75 155 3 212 136 431 363 386 112 150 330 240 280 439 255 0 422 473 457 252 462 
409 403 277 320 116 341 83 351 81 488 409 217 349 201 430 43 101 243 444 219 143 102 434 288 223 442 338 122 384 82 217 43 426 297 314 68 185 425 365 286 324 426 282 366 186 153 125 140 97 30 50 367 330 394 360 419 402 226 375 180 215 411 433 359 460 199 87 16 388 157 437 104 412 202 244 475 62 3 279 68 299 496 266 176 183 154 369 429 108 340 341 224 412 454 422 0 269 170 475 292 
413 68 472 131 185 256 435 438 363 181 135 341 352 481 96 127 35 348 243 227 443 305 178 427 180 368 184 458 394 140 59 313 33 33 303 258 179 145 53 153 243 256 55 293 5 277 318 328 421 303 80 405 39 282 133 197 164 37 449 267 474 7 45 145 382 330 148 206 245 385 26 157 482 175 241 495 304 494 493 222 272 282 138 498 104 398 178 76 238 165 456 137 324 288 473 269 0 186 179 90 
141 254 223 75 455 408 480 113 384 345 267 133 101 101 274 36 467 465 96 53 425 373 308 292 80 186 82 181 100 283 415 277 100 71 485 20 112 124 224 2 91 200 79 450 406 171 379 262 191 286 174 386 162 363 238 5 428 461 200 411 157 204 184 8 341 283 25 312 100 82 392 407 33 283 136 134 240 402 491 147 317 84 109 385 482 397 55 136 180 491 203 415 67 371 457 170 186 0 491 24 
432 404 477 275 230 143 264 81 256 397 40 463 237 376 181 462 349 29 184 86 41 247 227 179 388 132 163 101 161 41 488 233 112 234 217 372 335 246 450 7 166 253 431 426 151 90 215 36 248 145 313 341 237 400 57 52 367 290 53 432 32 93 92 154 437 419 351 220 387 326 194 16 150 32 73 477 232 208 398 166 62 45 17 300 148 496 81 157 496 78 30 186 143 433 252 475 179 491 0 332 
385 386 15 50 41 212 54 418 158 327 378 409 380 305 155 389 172 32 98 47 458 436 278 88 25 125 281 457 319 14 435 237 325 382 110 205 437 235 144 38 415 112 450 35 249 262 458 186 9 496 238 283 45 103 202 149 451 173 158 320 287 261 74 23 310 245 35 294 446 7 410 313 100 448 452 228 6 299 404 386 220 36 307 173 234 494 208 166 249 385 438 83 397 201 462 292 90 24 332 0 