90
0 6 19 15 0 15 5 24 24 24 20 19 10 23 1 25 16 14 2 19 9 24 21 9 20 23 1 12 3 13 24 2 0 14 16 13 16 16 3 1 8 0 3 12 10 24 9 0 10 16 6 0 1 1 0 24 6 12 4 20 11 12 15 10 2 11 5 14 7 15 19 390 17 10 24 10 21 14 2 7 8 450 16 21 19 0 24 8 20 10 
6 0 12 6 19 3 22 8 16 11 22 4 20 25 18 3 17 13 23 5 2 25 5 21 25 8 7 11 1 9 0 19 0 12 20 12 16 4 8 10 10 18 23 10 24 10 8 0 9 21 4 1 7 21 10 5 17 23 12 25 14 24 2 16 1 13 16 1 11 24 6 23 0 3 22 9 0 11 1 22 4 4 0 10 6 25 4 9 11 6 
19 12 0 19 13 23 3 12 6 25 12 5 19 2 7 336 3 11 5 4 25 23 8 5 16 24 19 5 22 23 16 9 338 0 12 2 5 17 9 4 20 4 24 7 13 21 6 13 22 24 25 0 15 10 11 20 21 3 2 8 6 19 19 3 19 14 10 15 9 354 319 3 13 1 9 22 9 9 12 1 17 0 18 18 24 1 15 5 8 22 
15 6 19 0 22 6 3 9 21 397 25 5 8 15 8 19 7 19 12 17 22 17 8 10 8 6 13 6 22 21 24 11 20 22 8 7 25 0 9 22 20 4 25 17 23 19 8 5 19 4 7 19 23 1 19 11 1 25 25 4 10 18 2 7 6 6 6 12 466 23 422 16 4 3 5 8 24 13 19 410 2 500 12 4 16 6 11 18 21 19 
0 19 13 22 0 17 1 14 4 9 22 7 10 3 23 3 24 8 22 14 6 16 21 12 10 454 11 6 4 15 14 1 10 16 10 8 3 4 5 19 13 11 11 24 4 13 5 22 1 23 19 23 451 5 17 22 7 8 1 316 2 14 23 17 11 24 25 5 5 13 5 13 19 423 408 23 0 13 23 16 13 0 12 451 20 16 12 22 25 2 
15 3 23 6 17 0 11 15 10 11 3 2 19 8 8 24 23 7 15 11 22 11 18 459 15 7 11 3 22 14 25 5 9 13 18 15 2 3 13 9 23 6 13 15 9 11 1 5 1 8 22 3 17 0 23 5 22 12 24 3 17 14 7 8 0 16 20 10 11 19 24 9 6 10 19 19 2 11 22 10 15 23 329 15 7 12 15 11 18 8 
5 22 3 3 1 11 0 8 10 19 6 19 15 20 5 3 349 25 13 9 22 2 14 8 0 16 16 8 14 438 22 23 13 3 24 20 352 3 15 10 11 5 11 19 13 9 5 17 4 0 16 22 13 11 20 12 8 5 1 13 21 21 11 25 22 18 19 3 7 6 11 13 21 20 21 486 23 17 4 15 9 10 18 22 2 11 12 25 10 15 
24 8 12 9 14 15 8 0 4 15 10 14 18 9 8 0 14 0 16 25 23 10 11 10 21 9 451 22 10 8 18 12 10 21 10 5 21 11 17 19 12 12 20 7 14 23 4 20 4 0 23 5 5 16 1 25 25 18 12 25 21 4 6 11 17 3 25 1 20 16 20 10 18 25 14 4 9 20 23 3 23 5 9 14 10 14 6 14 9 7 
24 16 6 21 4 10 10 4 0 9 1 23 20 15 22 4 421 435 12 6 15 14 21 0 25 10 21 12 7 3 11 8 21 22 10 24 22 12 14 22 0 21 4 14 17 25 8 21 5 20 4 20 23 21 8 7 23 4 23 25 6 7 25 1 10 7 21 20 20 24 21 24 22 484 0 2 6 17 4 5 412 14 12 5 22 25 11 23 4 2 
24 11 25 397 9 11 19 15 9 0 6 16 4 12 11 14 21 10 23 18 12 1 0 392 21 16 0 20 25 19 18 3 1 14 6 8 0 11 18 11 17 11 25 24 15 20 25 0 3 21 19 10 11 17 1 24 6 12 8 10 25 19 4 1 11 6 7 25 13 6 14 16 21 5 18 331 14 18 23 3 1 2 7 24 0 11 23 9 11 6 
20 22 12 25 22 3 6 10 1 6 0 418 8 23 2 13 22 21 8 0 7 13 17 8 19 21 16 21 3 19 14 24 18 2 18 12 20 6 25 14 2 15 3 15 15 17 13 13 1 367 22 490 25 20 0 6 2 8 5 17 15 434 24 5 10 11 14 21 10 20 7 12 16 14 14 2 13 15 420 1 4 3 0 21 17 0 16 1 18 24 
19 4 5 5 7 2 19 14 23 16 418 0 4 21 15 23 24 4 5 6 1 15 13 24 8 16 8 433 0 0 0 23 20 16 22 5 2 7 2 10 20 6 24 12 8 19 10 23 2 6 3 2 12 11 23 8 426 4 4 13 21 9 14 16 12 23 15 3 0 22 23 1 21 443 18 5 16 12 23 4 19 10 403 12 4 3 9 10 12 5 
10 20 19 8 10 19 15 18 20 4 8 4 0 24 14 0 7 6 23 8 22 13 24 2 23 6 24 11 10 12 17 24 9 1 20 13 11 23 0 16 19 25 18 8 17 16 0 6 10 25 13 11 10 0 18 309 24 7 3 7 15 4 12 18 23 14 22 0 17 420 8 7 0 8 21 4 14 4 15 19 19 15 17 18 14 2 14 8 397 15 
23 25 2 15 3 8 20 9 15 12 23 21 24 0 6 9 15 24 23 17 11 4 9 9 3 7 14 383 1 13 11 19 7 23 0 11 23 9 12 24 8 8 14 10 4 16 10 22 348 8 17 3 1 2 6 5 0 425 5 23 16 15 17 6 0 8 13 0 4 20 11 4 2 25 2 13 5 13 8 2 5 15 2 5 22 7 2 22 17 1 
1 18 7 8 23 8 5 8 22 11 2 15 14 6 0 14 8 1 13 14 1 5 14 24 10 2 4 20 8 15 25 4 5 5 14 23 5 2 17 0 7 1 6 16 10 10 6 4 3 7 11 4 24 445 11 9 13 11 21 24 0 17 317 1 22 1 19 17 24 1 7 9 13 4 23 3 15 6 0 1 0 11 8 5 18 13 24 10 0 12 
25 3 336 19 3 24 3 0 4 14 13 23 0 9 14 0 6 13 15 19 12 6 9 6 6 7 17 2 1 6 16 8 9 5 14 12 4 9 17 16 13 9 25 0 18 6 3 22 16 24 12 3 13 19 0 1 17 3 25 25 3 9 11 23 20 7 25 12 4 10 6 24 2 1 15 15 17 4 10 19 17 9 25 14 431 20 22 6 7 9 
16 17 3 7 24 23 349 14 421 21 22 24 7 15 8 6 0 7 6 21 5 6 17 16 21 10 1 13 9 14 7 492 7 7 14 10 12 14 10 22 19 9 10 8 12 7 1 22 8 15 17 1 20 2 19 6 1 461 24 16 4 17 21 7 16 6 25 17 5 14 3 4 3 6 1 25 10 6 1 12 10 16 5 18 23 15 0 15 7 3 
14 13 11 19 8 7 25 0 435 10 21 4 6 24 1 13 7 0 12 24 6 25 22 461 15 17 22 10 12 6 1 13 11 24 18 22 7 23 23 8 24 19 9 12 20 13 15 19 12 8 19 9 17 12 11 23 20 16 8 3 25 4 5 1 0 10 24 3 0 13 366 0 1 16 18 13 16 0 8 20 8 24 9 11 21 19 16 16 20 10 
2 23 5 12 22 15 13 16 12 23 8 5 23 23 13 15 6 12 0 7 8 446 23 16 18 24 16 20 4 6 16 19 22 17 6 466 23 18 6 1 0 11 2 19 10 18 23 5 24 479 6 24 10 25 20 1 8 16 0 5 19 20 4 22 14 10 11 8 11 4 17 14 16 9 9 23 23 11 22 13 3 432 3 20 19 23 22 7 25 9 
19 5 4 17 14 11 9 25 6 18 0 6 8 17 14 19 21 24 7 0 2 1 25 23 21 21 19 23 6 25 2 7 22 14 4 14 8 1 19 16 0 6 21 19 14 22 4 16 3 12 22 11 13 22 1 14 464 16 2 15 0 15 3 1 19 7 347 14 14 15 17 17 7 8 6 15 8 3 11 20 24 9 22 19 1 1 11 0 21 22 
9 2 25 22 6 22 22 23 15 12 7 1 22 11 1 12 5 6 8 2 0 23 21 5 20 13 23 0 24 14 7 14 22 12 15 10 3 13 3 17 11 2 12 23 23 1 11 12 11 24 1 8 19 1 1 0 12 18 13 17 13 4 5 9 5 14 7 20 21 4 12 5 13 11 3 12 10 17 14 24 19 10 5 24 0 5 22 13 0 11 
24 25 23 17 16 11 2 10 14 1 13 15 13 4 5 6 6 25 446 1 23 0 1 22 15 15 19 19 14 4 22 2 18 22 11 22 3 17 22 13 3 5 10 21 12 11 4 15 0 12 434 7 14 8 20 24 15 16 332 25 13 12 21 10 0 4 2 300 19 2 25 15 24 18 7 9 1 8 21 12 18 17 16 11 16 22 14 2 15 14 
21 5 8 8 21 18 14 11 21 0 17 13 24 9 14 9 17 22 23 25 21 1 0 15 2 17 5 8 10 12 12 12 11 3 14 12 2 5 4 15 9 22 1 16 331 437 1 18 18 16 20 9 5 17 10 6 6 2 18 9 9 19 16 25 20 1 4 22 9 14 9 6 22 14 17 21 23 20 8 11 0 25 21 10 18 16 17 0 9 6 
9 21 5 10 12 459 8 10 0 392 8 24 2 9 24 6 16 461 16 23 5 22 15 0 14 23 25 4 19 3 20 5 6 17 12 5 14 7 3 18 5 4 25 4 6 25 7 0 19 0 11 4 6 19 19 20 14 16 21 19 1 17 5 17 19 0 20 4 23 17 0 15 5 18 7 1 6 1 4 7 2 25 8 2 24 20 6 17 21 12 
20 25 16 8 10 15 0 21 25 21 19 8 23 3 10 6 21 15 18 21 20 15 2 14 0 4 9 10 4 9 24 8 4 25 3 7 9 5 25 1 17 19 24 1 14 3 16 1 12 2 11 21 16 11 0 23 2 17 20 25 14 0 21 4 19 12 5 11 21 6 9 9 8 12 2 25 13 17 1 8 23 353 5 16 24 13 8 15 19 21 
23 8 24 6 454 7 16 9 10 16 21 16 6 7 2 7 10 17 24 21 13 15 17 23 4 0 22 14 24 0 10 12 25 8 460 11 15 4 12 5 22 16 24 14 19 0 465 3 18 6 14 20 23 22 19 7 4 15 21 18 23 25 17 1 0 2 21 24 5 321 22 17 15 14 19 18 20 10 15 11 420 25 21 16 19 10 2 24 0 6 
1 7 19 13 11 11 16 451 21 0 16 8 24 14 4 17 1 22 16 19 23 19 5 25 9 22 0 324 21 22 12 6 16 7 23 22 17 3 24 19 25 0 21 393 5 21 4 8 1 13 22 23 0 4 2 1 17 12 417 0 0 4 3 5 16 13 21 20 13 15 15 2 24 7 4 0 25 0 24 12 21 6 8 25 15 16 9 24 4 2 
12 11 5 6 6 3 8 22 12 20 21 433 11 383 20 2 13 10 20 23 0 19 8 4 10 14 324 0 12 25 1 25 4 6 24 9 4 23 24 1 443 5 20 2 12 20 19 0 3 1 0 2 2 15 23 3 24 14 10 4 19 332 24 21 2 11 16 6 22 23 12 16 21 24 9 5 18 16 0 5 11 11 10 17 19 20 24 8 10 13 
3 1 22 22 4 22 14 10 7 25 3 0 10 1 8 1 9 12 4 6 24 14 10 19 4 24 21 12 0 11 15 25 13 1 6 14 7 24 0 12 23 14 499 5 14 24 4 21 13 451 22 3 23 16 3 24 2 490 0 4 7 8 7 20 19 25 16 25 351 21 0 6 21 14 7 346 3 5 24 25 19 18 3 10 6 18 14 8 3 20 
13 9 23 21 15 14 438 8 3 19 19 0 12 13 15 6 14 6 6 25 14 4 12 3 9 0 22 25 11 0 4 4 10 25 2 5 11 15 19 3 16 23 16 13 21 4 21 24 6 24 16 14 11 1 15 2 10 6 2 13 328 384 14 1 1 3 13 343 0 3 15 0 19 2 2 5 24 24 8 8 13 24 20 6 20 22 22 10 22 21 
24 0 16 24 14 25 22 18 11 18 14 0 17 11 25 16 7 1 16 2 7 22 12 20 24 10 12 1 15 4 0 13 4 9 25 434 5 17 18 24 17 8 4 25 11 15 23 1 7 10 21 9 1 3 12 15 4 12 13 24 10 14 17 23 2 3 17 3 17 1 8 10 0 0 14 23 18 13 5 15 22 0 3 7 16 19 4 370 13 21 
2 19 9 11 1 5 23 12 8 3 24 23 24 19 4 8 492 13 19 7 14 2 12 5 8 12 6 25 25 4 13 0 3 2 21 9 5 10 3 3 340 10 20 10 5 14 13 21 20 8 425 12 1 7 7 6 17 488 0 13 16 7 422 2 8 13 24 0 25 16 0 20 8 24 4 20 19 11 5 358 3 2 7 24 16 22 21 3 19 4 
0 0 338 20 10 9 13 10 21 1 18 20 9 7 5 9 7 11 22 22 22 18 11 6 4 25 16 4 13 10 4 3 0 10 3 21 12 10 10 308 25 23 13 19 3 25 6 3 23 8 21 9 0 2 383 14 14 20 12 7 24 424 6 14 15 24 24 23 11 1 1 21 21 9 12 24 11 17 2 14 9 1 13 10 13 9 21 10 0 18 
14 12 0 22 16 13 3 21 22 14 2 16 1 23 5 5 7 24 17 14 12 22 3 17 25 8 7 6 1 25 9 2 10 0 1 19 9 11 2 0 8 8 18 10 0 24 3 5 16 19 25 16 11 24 18 23 14 15 1 6 21 18 19 9 22 8 22 11 1 0 25 14 7 2 20 3 24 2 13 21 10 14 12 5 6 25 19 19 11 15 
16 20 12 8 10 18 24 10 10 6 18 22 20 0 14 14 14 18 6 4 15 11 14 12 3 460 23 24 6 2 25 21 3 1 0 4 9 6 1 17 24 18 25 7 12 13 23 3 14 4 4 2 6 13 16 12 0 10 15 22 21 7 22 10 18 11 17 20 2 4 10 417 21 7 14 12 14 4 1 9 10 23 24 19 9 8 14 21 9 20 
13 12 2 7 8 15 20 5 24 8 12 5 13 11 23 12 10 22 466 14 10 22 12 5 7 11 22 9 14 5 434 9 21 19 4 0 14 15 25 6 5 414 22 23 3 18 8 18 3 11 0 11 13 25 6 10 9 18 5 17 11 3 11 13 19 5 8 12 25 13 13 322 2 2 21 15 21 23 0 4 14 0 14 8 461 21 21 3 5 0 
16 16 5 25 3 2 352 21 22 0 20 2 11 23 5 4 12 7 23 8 3 3 2 14 9 15 17 4 7 11 5 5 12 9 9 14 0 1 5 1 15 23 1 9 5 21 12 13 14 14 22 18 3 24 368 23 2 22 7 1 0 1 1 20 3 25 11 11 20 3 0 1 12 0 22 0 7 25 25 11 15 12 11 3 16 0 5 0 13 17 
16 4 17 0 4 3 3 11 12 11 6 7 23 9 2 9 14 23 18 1 13 17 5 7 5 4 3 23 24 15 17 10 10 11 6 15 1 0 300 1 2 5 398 12 13 1 9 6 16 378 14 1 15 20 17 0 3 23 9 5 302 21 10 338 4 20 1 24 5 18 359 20 23 24 10 18 4 17 15 7 0 13 13 1 10 22 18 15 21 338 
3 8 9 9 5 13 15 17 14 18 25 2 0 12 17 17 10 23 6 19 3 22 4 3 25 12 24 24 0 19 18 3 10 2 1 25 5 300 0 21 6 25 1 21 11 5 21 9 18 8 9 18 22 15 13 23 1 13 19 6 12 12 18 23 3 0 19 16 15 3 0 15 3 10 10 1 4 7 0 3 8 5 2 24 1 19 9 23 23 8 
1 10 4 22 19 9 10 19 22 11 14 10 16 24 0 16 22 8 1 16 17 13 15 18 1 5 19 1 12 3 24 3 308 0 17 6 1 1 21 0 12 18 22 18 4 23 5 14 355 23 6 13 8 436 494 23 12 16 22 2 3 0 5 0 8 24 5 23 24 1 18 13 3 18 21 5 3 12 25 10 2 18 21 9 17 18 23 20 18 20 
8 10 20 20 13 23 11 12 0 17 2 20 19 8 7 13 19 24 0 0 11 3 9 5 17 22 25 443 23 16 17 340 25 8 24 5 15 2 6 12 0 16 4 3 3 12 21 24 16 24 2 2 14 467 23 20 2 7 17 24 24 23 9 1 25 23 307 3 5 12 3 19 9 13 23 316 6 21 16 4 23 24 14 8 8 25 23 12 15 25 
0 18 4 4 11 6 5 12 21 11 15 6 25 8 1 9 9 19 11 6 2 5 22 4 19 16 0 5 14 23 8 10 23 8 18 414 23 5 25 18 16 0 24 25 16 1 22 18 15 9 11 9 3 474 450 1 23 22 23 3 6 23 22 19 13 1 24 21 20 17 1 11 469 5 18 9 10 392 7 16 5 18 18 15 7 17 7 8 4 11 
3 23 24 25 11 13 11 20 4 25 3 24 18 14 6 25 10 9 2 21 12 10 1 25 24 24 21 20 499 16 4 20 13 18 25 22 1 398 1 22 4 24 0 16 0 10 11 6 25 8 24 25 23 12 9 490 12 9 6 4 22 24 495 8 16 21 1 425 6 16 2 18 13 6 8 14 15 5 25 19 24 5 1 2 25 2 3 14 12 19 
12 10 7 17 24 15 19 7 14 24 15 12 8 10 16 0 8 12 19 19 23 21 16 4 1 14 393 2 5 13 25 10 19 10 7 23 9 12 21 18 3 25 16 0 8 11 20 3 22 2 0 20 22 5 12 18 1 19 20 0 24 13 15 25 17 22 0 15 17 22 15 2 23 21 12 22 19 18 8 24 385 22 21 17 414 13 5 20 23 24 
10 24 13 23 4 9 13 14 17 15 15 8 17 4 10 18 12 20 10 14 23 12 331 6 14 19 5 12 14 21 11 5 3 0 12 3 5 13 11 4 3 16 0 8 0 364 9 416 4 25 25 12 19 7 9 2 7 14 12 16 24 17 5 19 11 14 9 4 21 8 373 23 8 20 1 12 5 20 14 370 24 21 4 1 10 16 2 22 4 12 
24 10 21 19 13 11 9 23 25 20 17 19 16 16 10 6 7 13 18 22 1 11 437 25 3 0 21 20 24 4 15 14 25 24 13 18 21 1 5 23 12 1 10 11 364 0 18 19 24 8 13 13 25 20 16 14 18 9 25 11 9 4 4 7 24 3 15 15 6 8 23 4 9 6 21 13 19 13 6 20 0 10 340 8 12 1 8 24 19 8 
9 8 6 8 5 1 5 4 8 25 13 10 0 10 6 3 1 15 23 4 11 4 1 7 16 465 4 19 4 21 23 13 6 3 23 8 12 9 21 5 21 22 11 20 9 18 0 24 11 25 25 20 3 15 12 17 8 25 12 10 24 24 1 8 8 1 6 22 10 13 22 0 11 3 2 5 378 14 21 11 4 4 444 20 22 10 19 2 25 18 
0 0 13 5 22 5 17 20 21 0 13 23 6 22 4 22 22 19 5 16 12 15 18 0 1 3 8 0 21 24 1 21 3 5 3 18 13 6 9 14 24 18 6 3 416 19 24 0 15 22 12 21 18 22 16 21 7 12 17 6 19 10 23 9 1 8 2 1 19 18 2 20 0 20 10 20 5 17 25 6 3 11 15 1 8 22 20 3 5 319 
10 9 22 19 1 1 4 4 5 3 1 2 10 348 3 16 8 12 24 3 11 0 18 19 12 18 1 3 13 6 7 20 23 16 14 3 14 16 18 355 16 15 25 22 4 24 11 15 0 14 1 16 24 8 10 9 2 19 11 14 11 7 13 3 2 0 11 24 10 21 25 23 24 11 352 19 24 2 23 10 5 8 11 2 12 24 8 3 0 9 
16 21 24 4 23 8 0 0 20 21 367 6 25 8 7 24 15 8 479 12 24 12 16 0 2 6 13 1 451 24 10 8 8 19 4 11 14 378 8 23 24 9 8 2 25 8 25 22 14 0 14 16 1 22 20 25 25 15 13 6 8 17 13 7 25 9 23 19 22 457 23 2 6 0 18 3 25 12 10 2 9 9 2 0 5 23 15 19 17 6 
6 4 25 7 19 22 16 23 4 19 22 3 13 17 11 12 17 19 6 22 1 434 20 11 11 14 22 0 22 16 21 425 21 25 4 0 22 14 9 6 2 11 24 0 25 13 25 12 1 14 0 12 6 1 20 24 13 23 13 9 25 17 4 11 19 0 15 7 23 11 7 13 3 16 8 6 12 18 10 10 1 2 13 19 6 12 1 4 6 11 
0 1 0 19 23 3 22 5 20 10 490 2 11 3 4 3 1 9 24 11 8 7 9 4 21 20 23 2 3 14 9 12 9 16 2 11 18 1 18 13 2 9 25 20 12 13 20 21 16 16 12 0 23 13 12 10 7 19 12 22 13 0 5 5 3 25 3 22 21 23 12 17 23 303 3 11 7 9 18 16 8 11 25 5 1 4 5 0 20 7 
1 7 15 23 451 17 13 5 23 11 25 12 10 1 24 13 20 17 10 13 19 14 5 6 16 23 0 2 23 11 1 1 0 11 6 13 3 15 22 8 14 3 23 22 19 25 3 18 24 1 6 23 0 23 21 1 4 14 24 1 3 16 7 4 16 23 18 17 18 12 18 16 23 7 19 17 15 16 19 325 17 9 24 13 11 18 24 16 372 11 
1 21 10 1 5 0 11 16 21 17 20 11 0 2 445 19 2 12 25 22 1 8 17 19 11 22 4 15 16 1 3 7 2 24 13 25 24 20 15 436 467 474 12 5 7 20 15 22 8 22 1 13 23 0 6 13 6 0 486 6 1 5 20 22 15 20 12 23 13 24 2 3 19 5 16 423 0 0 6 10 6 25 11 22 8 19 25 2 4 22 
0 10 11 19 17 23 20 1 8 1 0 23 18 6 11 0 19 11 20 1 1 20 10 19 0 19 2 23 3 15 12 7 383 18 16 6 368 17 13 494 23 450 9 12 9 16 12 16 10 20 20 12 21 6 0 22 18 11 15 21 19 15 10 5 11 25 10 4 15 1 5 0 23 7 23 435 25 25 22 8 1 4 17 11 20 16 5 24 325 19 
24 5 20 11 22 5 12 25 7 24 6 8 309 5 9 1 6 23 1 14 0 24 6 20 23 7 1 3 24 2 15 6 14 23 12 10 23 0 23 23 20 1 490 18 2 14 17 21 9 25 24 10 1 13 22 0 23 3 15 10 12 23 2 7 17 21 2 10 7 24 320 21 3 25 8 4 21 0 2 5 23 25 15 18 19 9 18 15 5 16 
6 17 21 1 7 22 8 25 23 6 2 426 24 0 13 17 1 20 8 464 12 15 6 14 2 4 17 24 2 10 4 17 14 14 0 9 2 3 1 12 2 23 12 1 7 18 8 7 2 25 13 7 4 6 18 23 0 15 427 2 24 422 4 24 5 433 22 364 23 2 18 3 22 13 9 1 17 0 22 11 16 0 23 17 23 11 8 20 1 5 
12 23 3 25 8 12 5 18 4 12 8 4 7 425 11 3 461 16 16 16 18 16 2 16 17 15 12 14 490 6 12 488 20 15 10 18 22 23 13 16 7 22 9 19 14 9 25 12 19 15 23 19 14 0 11 3 15 0 2 11 13 11 13 454 5 16 2 23 22 16 1 8 399 17 15 21 0 10 366 10 12 1 8 4 23 6 22 24 7 10 
4 12 2 25 1 24 1 12 23 8 5 4 3 5 21 25 24 8 0 2 13 332 18 21 20 21 417 10 0 2 13 0 12 1 15 5 7 9 19 22 17 23 6 20 12 25 12 17 11 13 13 12 24 486 15 15 427 2 0 21 11 24 8 13 5 2 9 12 10 11 25 20 19 18 16 7 21 23 18 16 9 349 3 3 21 18 14 1 443 24 
20 25 8 4 316 3 13 25 25 10 17 13 7 23 24 25 16 3 5 15 17 25 9 19 25 18 0 4 4 13 24 13 7 6 22 17 1 5 6 2 24 3 4 0 16 11 10 6 14 6 9 22 1 6 21 10 2 11 21 0 1 5 9 23 8 3 21 10 13 18 8 1 2 15 9 21 10 24 1 6 3 18 1 16 22 15 18 18 21 20 
11 14 6 10 2 17 21 21 6 25 15 21 15 16 0 3 4 25 19 0 13 13 9 1 14 23 0 19 7 328 10 16 24 21 21 11 0 302 12 3 24 6 22 24 24 9 24 19 11 8 25 13 3 1 19 12 24 13 11 1 0 22 19 4 13 18 3 0 21 22 439 25 4 4 15 13 24 11 3 13 384 16 24 0 11 15 22 10 9 25 
12 24 19 18 14 14 21 4 7 19 434 9 4 15 17 9 17 4 20 15 4 12 19 17 0 25 4 332 8 384 14 7 424 18 7 3 1 21 12 0 23 23 24 13 17 4 24 10 7 17 17 0 16 5 15 23 422 11 24 5 22 0 13 9 24 5 3 6 22 19 13 3 17 3 25 21 24 1 25 0 12 20 4 21 9 8 18 9 22 25 
15 2 19 2 23 7 11 6 25 4 24 14 12 17 317 11 21 5 4 3 5 21 16 5 21 17 3 24 7 14 17 422 6 19 22 11 1 10 18 5 9 22 495 15 5 4 1 23 13 13 4 5 7 20 10 2 4 13 8 9 19 13 0 16 14 21 11 1 12 23 18 13 15 5 5 6 10 3 20 3 3 435 25 17 15 4 20 24 20 6 
10 16 3 7 17 8 25 11 1 1 5 16 18 6 1 23 7 1 22 1 9 10 25 17 4 1 5 21 20 1 23 2 14 9 10 13 20 338 23 0 1 19 8 25 19 7 8 9 3 7 11 5 4 22 5 7 24 454 13 23 4 9 16 0 21 20 3 16 16 22 15 17 19 7 18 10 7 7 13 5 16 21 14 8 21 7 334 3 5 25 
2 1 19 6 11 0 22 17 10 11 10 12 23 0 22 20 16 0 14 19 5 0 20 19 19 0 16 2 19 1 2 8 15 22 18 19 3 4 3 8 25 13 16 17 11 24 8 1 2 25 19 3 16 15 11 17 5 5 5 8 13 24 14 21 0 20 12 21 23 11 15 18 7 24 8 0 3 22 23 19 21 23 23 11 397 20 16 3 2 5 
11 13 14 6 24 16 18 3 7 6 11 23 14 8 1 7 6 10 10 7 14 4 1 0 12 2 13 11 25 3 3 13 24 8 11 5 25 20 0 24 23 1 21 22 14 3 1 8 0 9 0 25 23 20 25 21 433 16 2 3 18 5 21 20 20 0 22 8 18 7 20 315 482 11 24 18 5 3 13 20 14 2 3 25 2 21 8 10 6 14 
5 16 10 6 25 20 19 25 21 7 14 15 22 13 19 25 25 24 11 347 7 2 4 20 5 21 21 16 16 13 17 24 24 22 17 8 11 1 19 5 307 24 1 0 9 15 6 2 11 23 15 3 18 12 10 2 22 2 9 21 3 3 11 3 12 22 0 20 16 24 20 18 6 11 3 21 5 16 0 1 2 15 21 21 388 23 1 22 4 21 
14 1 15 12 5 10 3 1 20 25 21 3 0 0 17 12 17 3 8 14 20 300 22 4 11 24 20 6 25 343 3 0 23 11 20 12 11 24 16 23 3 21 425 15 4 15 22 1 24 19 7 22 17 23 4 10 364 23 12 10 0 6 1 16 21 8 20 0 20 0 11 24 1 14 20 13 4 2 4 9 11 0 20 361 16 2 1 24 8 17 
7 11 9 466 5 11 7 20 20 13 10 0 17 4 24 4 5 0 11 14 21 19 9 23 21 5 13 22 351 0 17 25 11 1 2 25 20 5 15 24 5 20 6 17 21 6 10 19 10 22 23 21 18 13 15 7 23 22 10 13 21 22 12 16 23 18 16 20 0 17 13 25 21 20 12 17 22 7 6 5 1 9 4 6 19 7 0 378 1 5 
15 24 354 23 13 19 6 16 24 6 20 22 420 20 1 10 14 13 4 15 4 2 14 17 6 321 15 23 21 3 1 16 1 0 4 13 3 18 3 1 12 17 16 22 8 8 13 18 21 457 11 23 12 24 1 24 2 16 11 18 22 19 23 22 11 7 24 0 17 0 4 8 14 24 17 19 24 400 8 15 14 7 24 18 24 8 13 10 2 15 
19 6 319 422 5 24 11 20 21 14 7 23 8 11 7 6 3 366 17 17 12 25 9 0 9 22 15 12 0 15 8 0 1 25 10 13 0 359 0 18 3 1 2 15 373 23 22 2 25 23 7 12 18 2 5 320 18 1 25 8 439 13 18 15 15 20 20 11 13 4 0 0 9 14 4 6 24 8 4 2 7 7 19 20 489 21 7 312 7 2 
390 23 3 16 13 9 13 10 24 16 12 1 7 4 9 24 4 0 14 17 5 15 6 15 9 17 2 16 6 0 10 20 21 14 417 322 1 20 15 13 19 11 18 2 23 4 0 20 23 2 13 17 16 3 0 21 3 8 20 1 25 3 13 17 18 315 18 24 25 8 0 0 9 10 8 19 21 8 23 10 12 23 19 11 15 8 16 14 0 8 
17 0 13 4 19 6 21 18 22 21 16 21 0 2 13 2 3 1 16 7 13 24 22 5 8 15 24 21 21 19 0 8 21 7 21 2 12 23 3 3 9 469 13 23 8 9 11 0 24 6 3 23 23 19 23 3 22 399 19 2 4 17 15 19 7 482 6 1 21 14 9 9 0 17 11 21 14 3 5 21 10 6 13 6 21 8 9 20 9 17 
10 3 1 3 423 10 20 25 484 5 14 443 8 25 4 1 6 16 9 8 11 18 14 18 12 14 7 24 14 2 0 24 9 2 7 2 0 24 10 18 13 5 6 21 20 6 3 20 11 0 16 303 7 5 7 25 13 17 18 15 4 3 5 7 24 11 11 14 20 24 14 10 17 0 7 18 361 21 12 22 22 8 5 19 8 15 13 386 3 0 
24 22 9 5 408 19 21 14 0 18 14 18 21 2 23 15 1 18 9 6 3 7 17 7 2 19 4 9 7 2 14 4 12 20 14 21 22 10 10 21 23 18 8 12 1 21 2 10 352 18 8 3 19 16 23 8 9 15 16 9 15 25 5 18 8 24 3 20 12 17 4 8 11 7 0 18 9 4 4 23 13 21 23 16 4 23 13 17 24 17 
10 9 22 8 23 19 486 4 2 331 2 5 4 13 3 15 25 13 23 15 12 9 21 1 25 18 0 5 346 5 23 20 24 3 12 15 0 18 1 5 316 9 14 22 12 13 5 20 19 3 6 11 17 423 435 4 1 21 7 21 13 21 6 10 0 18 21 13 17 19 6 19 21 18 18 0 16 18 12 10 17 25 20 7 3 0 7 25 3 24 
21 0 9 24 0 2 23 9 6 14 13 16 14 5 15 17 10 16 23 8 10 1 23 6 13 20 25 18 3 24 18 19 11 24 14 21 7 4 4 3 6 10 15 19 5 19 378 5 24 25 12 7 15 0 25 21 17 0 21 10 24 24 10 7 3 5 5 4 22 24 24 21 14 361 9 16 0 5 0 15 2 11 25 5 19 23 17 17 5 11 
14 11 9 13 13 11 17 20 17 18 15 12 4 13 6 4 6 0 11 3 17 8 20 1 17 10 0 16 5 24 13 11 17 2 4 23 25 17 7 12 21 392 5 18 20 13 14 17 2 12 18 9 16 0 25 0 0 10 23 24 11 1 3 7 22 3 16 2 7 400 8 8 3 21 4 18 5 0 6 7 1 9 22 3 9 0 19 18 23 4 
2 1 12 19 23 22 4 23 4 23 420 23 15 8 0 10 1 8 22 11 14 21 8 4 1 15 24 0 24 8 5 5 2 13 1 0 25 15 0 25 16 7 25 8 14 6 21 25 23 10 10 18 19 6 22 2 22 366 18 1 3 25 20 13 23 13 0 4 6 8 4 23 5 12 4 12 0 6 0 11 2 16 17 20 16 8 476 21 1 18 
7 22 1 410 16 10 15 3 5 3 1 4 19 2 1 19 12 20 13 20 24 12 11 7 8 11 12 5 25 8 15 358 14 21 9 4 11 7 3 10 4 16 19 24 370 20 11 6 10 2 10 16 325 10 8 5 11 10 16 6 13 0 3 5 19 20 1 9 5 15 2 10 21 22 23 10 15 7 11 0 381 21 25 10 9 20 10 6 0 11 
8 4 17 2 13 15 9 23 412 1 4 19 19 5 0 17 10 8 3 24 19 18 0 2 23 420 21 11 19 13 22 3 9 10 10 14 15 0 8 2 23 5 24 385 24 0 4 3 5 9 1 8 17 6 1 23 16 12 9 3 384 12 3 16 21 14 2 11 1 14 7 12 10 22 13 17 2 1 2 381 0 14 15 7 14 13 24 7 5 0 
450 4 0 500 0 23 10 5 14 2 3 10 15 15 11 9 16 24 432 9 10 17 25 25 353 25 6 11 18 24 0 2 1 14 23 0 12 13 5 18 24 18 5 22 21 10 4 11 8 9 2 11 9 25 4 25 0 1 349 18 16 20 435 21 23 2 15 0 9 7 7 23 6 8 21 25 11 9 16 21 14 0 17 9 20 5 16 18 25 7 
16 0 18 12 12 329 18 9 12 7 0 403 17 2 8 25 5 9 3 22 5 16 21 8 5 21 8 10 3 20 3 7 13 12 24 14 11 13 2 21 14 18 1 21 4 340 444 15 11 2 13 25 24 11 17 15 23 8 3 1 24 4 25 14 23 3 21 20 4 24 19 19 13 5 23 20 25 22 17 25 15 17 0 4 0 8 1 25 22 24 
21 10 18 4 451 15 22 14 5 24 21 12 18 5 5 14 18 11 20 19 24 11 10 2 16 16 25 17 10 6 7 24 10 5 19 8 3 1 24 9 8 15 2 17 1 8 20 1 2 0 19 5 13 22 11 18 17 4 3 16 0 21 17 8 11 25 21 361 6 18 20 11 6 19 16 7 5 3 20 10 7 9 4 0 3 10 0 16 4 19 
19 6 24 16 20 7 2 10 22 0 17 4 14 22 18 431 23 21 19 1 0 16 18 24 24 19 15 19 6 20 16 16 13 6 9 461 16 10 1 17 8 7 25 414 10 12 22 8 12 5 6 1 11 8 20 19 23 23 21 22 11 9 15 21 397 2 388 16 19 24 489 15 21 8 4 3 19 9 16 9 14 20 0 3 0 15 3 18 15 25 
0 25 1 6 16 12 11 14 25 11 0 3 2 7 13 20 15 19 23 1 5 22 16 20 13 10 16 20 18 22 19 22 9 25 8 21 0 22 19 18 25 17 2 13 16 1 10 22 24 23 12 4 18 19 16 9 11 6 18 15 15 8 4 7 20 21 23 2 7 8 21 8 8 15 23 0 23 0 8 20 13 5 8 10 15 0 5 383 9 23 
24 4 15 11 12 15 12 6 11 23 16 9 14 2 24 22 0 16 22 11 22 14 17 6 8 2 9 24 14 22 4 21 21 19 14 21 5 18 9 23 23 7 3 5 2 8 19 20 8 15 1 5 24 25 5 18 8 22 14 18 22 18 20 334 16 8 1 1 0 13 7 16 9 13 13 7 17 19 476 10 24 16 1 0 3 5 0 22 9 10 
8 9 5 18 22 11 25 14 23 9 1 10 8 22 10 6 15 16 7 0 13 2 0 17 15 24 24 8 8 10 370 3 10 19 21 3 0 15 23 20 12 8 14 20 22 24 2 3 3 19 4 0 16 2 24 15 20 24 1 18 10 9 24 3 3 10 22 24 378 10 312 14 20 386 17 25 17 18 21 6 7 18 25 16 18 383 22 0 25 17 
20 11 8 21 25 18 10 9 4 11 18 12 397 17 0 7 7 20 25 21 0 15 9 21 19 0 4 10 3 22 13 19 0 11 9 5 13 21 23 18 15 4 12 23 4 19 25 5 0 17 6 20 372 4 325 5 1 7 443 21 9 22 20 5 2 6 4 8 1 2 7 0 9 3 24 3 5 23 1 0 5 25 22 4 15 9 9 25 0 0 
10 6 22 19 2 8 15 7 2 6 24 5 15 1 12 9 3 10 9 22 11 14 6 12 21 6 2 13 20 21 21 4 18 15 20 0 17 338 8 20 25 11 19 24 12 8 18 319 9 6 11 7 11 22 19 16 5 10 24 20 25 25 6 25 5 14 21 17 5 15 2 8 17 0 17 24 11 4 18 11 0 7 24 19 25 23 10 17 0 0 
